SortNo,ShipId,ShipName,FileName,FileVersion,TypeName,TypeId,boko_n_left,boko_n_top,boko_d_left,boko_d_top,map_n_left,map_n_top,map_d_left,map_d_top,battle_n_left,battle_n_top,battle_d_left,battle_d_top,ensyuf_n_left,ensyuf_n_top,ensyuf_d_left,ensyuf_d_top,ensyue_n_left,ensyue_n_top,kaizo_n_left,kaizo_n_top,kaizo_d_left,kaizo_d_top,kaisyu_n_left,kaisyu_n_top,kaisyu_d_left,kaisyu_d_top,weda_left,weda_top,wedb_left,wedb_top
序号,ID,名称,文件名,文件版本,类型,类型ID,boko_n_left,boko_n_top,boko_d_left,boko_d_top,map_n_left,map_n_top,map_d_left,map_d_top,battle_n_left,battle_n_top,battle_d_left,battle_d_top,ensyuf_n_left,ensyuf_n_top,ensyuf_d_left,ensyuf_d_top,ensyue_n_left,ensyue_n_top,kaizo_n_left,kaizo_n_top,kaizo_d_left,kaizo_d_top,kaisyu_n_left,kaisyu_n_top,kaisyu_d_left,kaisyu_d_top,weda_left,weda_top,wedb_left,wedb_top
0,501,#,mtjmdcwtvhdr,2,#,2,0,0,0,0,0,0,0,0,82,151,82,151,0,0,0,0,0,0,0,0,0,0,0,0,0,0,0,0,0,0
0,502,#,pbgkfylkbjuy,2,#,2,0,0,0,0,0,0,0,0,100,139,100,139,0,0,0,0,0,0,0,0,0,0,0,0,0,0,0,0,0,0
0,503,#,pcumlrymlujh,2,#,2,0,0,0,0,0,0,0,0,254,81,254,81,0,0,0,0,0,0,0,0,0,0,0,0,0,0,0,0,0,0
0,504,#,itbrdpdbkynm,2,#,2,0,0,0,0,0,0,0,0,239,19,239,19,0,0,0,0,0,0,0,0,0,0,0,0,0,0,0,0,0,0
0,505,#,itslcqtmrxtf,2,#,3,0,0,0,0,0,0,0,0,125,1,125,1,0,0,0,0,0,0,0,0,0,0,0,0,0,0,0,0,0,0
0,506,#,wuhnhojjxmke,2,#,3,0,0,0,0,0,0,0,0,93,11,93,11,0,0,0,0,0,0,0,0,0,0,0,0,0,0,0,0,0,0
0,507,#,xlqcmisdyfiu,2,#,3,0,0,0,0,0,0,0,0,72,12,72,12,0,0,0,0,0,0,0,0,0,0,0,0,0,0,0,0,0,0
0,508,#,mcouotbbbzpx,2,#,4,0,0,0,0,0,0,0,0,79,115,79,115,0,0,0,0,0,0,0,0,0,0,0,0,0,0,0,0,0,0
0,509,#,iwztvmesrrju,2,#,5,0,0,0,0,0,0,0,0,73,95,73,95,0,0,0,0,0,0,0,0,0,0,0,0,0,0,0,0,0,0
0,510,#,slxvncxmexin,2,#,7,0,0,0,0,0,0,0,0,101,21,101,21,0,0,0,0,0,0,0,0,0,0,0,0,0,0,0,0,0,0
0,511,#,pijdvoaebmxm,2,#,9,0,0,0,0,0,0,0,0,61,99,61,99,0,0,0,0,0,0,0,0,0,0,0,0,0,0,0,0,0,0
0,512,#,yalxvbxgbojg,2,#,11,0,0,0,0,0,0,0,0,175,47,175,47,0,0,0,0,0,0,0,0,0,0,0,0,0,0,0,0,0,0
0,513,#,mednanfcfkil,2,#,15,0,0,0,0,0,0,0,0,111,52,111,52,0,0,0,0,0,0,0,0,0,0,0,0,0,0,0,0,0,0
0,514,#,eusutfvohllh,3,#,2,0,0,0,0,0,0,0,0,-33,67,-33,67,0,0,0,0,0,0,0,0,0,0,0,0,0,0,0,0,0,0
0,515,#,tizkiyetefqx,2,#,2,0,0,0,0,0,0,0,0,45,-67,45,-67,0,0,0,0,0,0,0,0,0,0,0,0,0,0,0,0,0,0
0,516,#,ycjcuuqbxywj,2,#,2,0,0,0,0,0,0,0,0,193,-41,193,-41,0,0,0,0,0,0,0,0,0,0,0,0,0,0,0,0,0,0
0,517,#,zujcpyhiwhfk,2,#,2,0,0,0,0,0,0,0,0,185,-69,185,-69,0,0,0,0,0,0,0,0,0,0,0,0,0,0,0,0,0,0
0,518,#,nylazbctwxxb,2,#,3,0,0,0,0,0,0,0,0,68,-108,68,-108,0,0,0,0,0,0,0,0,0,0,0,0,0,0,0,0,0,0
0,519,#,thxxajqkbcea,2,#,3,0,0,0,0,0,0,0,0,-86,-11,-86,-11,0,0,0,0,0,0,0,0,0,0,0,0,0,0,0,0,0,0
0,520,#,vxeposgfnulm,2,#,3,0,0,0,0,0,0,0,0,10,-75,10,-75,0,0,0,0,0,0,0,0,0,0,0,0,0,0,0,0,0,0
0,521,#,kkdcshdnoqvd,2,#,4,0,0,0,0,0,0,0,0,39,-9,39,-9,0,0,0,0,0,0,0,0,0,0,0,0,0,0,0,0,0,0
0,522,#,jgdkktwkyoep,2,#,5,0,0,0,0,0,0,0,0,6,25,6,25,0,0,0,0,0,0,0,0,0,0,0,0,0,0,0,0,0,0
0,523,#,glsvfugrtdlv,2,#,7,0,0,0,0,0,0,0,0,54,-20,54,-20,0,0,0,0,0,0,0,0,0,0,0,0,0,0,0,0,0,0
0,524,#,jnaynrbswxny,2,#,9,0,0,0,0,0,0,0,0,-20,19,-20,19,0,0,0,0,0,0,0,0,0,0,0,0,0,0,0,0,0,0
0,525,#,lreivfnxjfik,2,#,11,0,0,0,0,0,0,0,0,120,-19,120,-19,0,0,0,0,0,0,0,0,0,0,0,0,0,0,0,0,0,0
0,526,#,nfbfnyqdswvz,2,#,15,0,0,0,0,0,0,0,0,17,22,17,22,0,0,0,0,0,0,0,0,0,0,0,0,0,0,0,0,0,0
0,527,#,cdgslqaonpst,2,#,5,0,0,0,0,0,0,0,0,9,-37,9,-37,0,0,0,0,0,0,0,0,0,0,0,0,0,0,0,0,0,0
0,528,#,kcjagtsviiyn,2,#,11,0,0,0,0,0,0,0,0,72,-85,72,-85,0,0,0,0,0,0,0,0,0,0,0,0,0,0,0,0,0,0
0,529,#,crlyrpscrtad,2,#,9,0,0,0,0,0,0,0,0,-45,-10,-45,-10,0,0,0,0,0,0,0,0,0,0,0,0,0,0,0,0,0,0
0,530,#,zsrtdiesnmum,2,#,13,0,0,0,0,0,0,0,0,11,140,11,140,0,0,0,0,0,0,0,0,0,0,0,0,0,0,0,0,0,0
0,531,#,jyofolfguclj,2,#,13,0,0,0,0,0,0,0,0,120,17,120,17,0,0,0,0,0,0,0,0,0,0,0,0,0,0,0,0,0,0
0,532,#,ebutrlbzkktc,2,#,13,0,0,0,0,0,0,0,0,-1,81,-1,81,0,0,0,0,0,0,0,0,0,0,0,0,0,0,0,0,0,0
0,533,#,ppdicscudnmo,2,#,13,0,0,0,0,0,0,0,0,88,-65,88,-65,0,0,0,0,0,0,0,0,0,0,0,0,0,0,0,0,0,0
0,534,#,duwuexijckgq,2,#,13,0,0,0,0,0,0,0,0,-3,89,-3,89,0,0,0,0,0,0,0,0,0,0,0,0,0,0,0,0,0,0
0,535,#,nvaipajbkgjn,2,#,13,0,0,0,0,0,0,0,0,87,-66,87,-66,0,0,0,0,0,0,0,0,0,0,0,0,0,0,0,0,0,0
0,536,#,cchowgdxysfu,2,#,10,0,0,0,0,0,0,0,0,68,40,68,40,0,0,0,0,0,0,0,0,0,0,0,0,0,0,0,0,0,0
0,537,#,matbibgdovof,2,#,10,0,0,0,0,0,0,0,0,13,-23,13,-23,0,0,0,0,0,0,0,0,0,0,0,0,0,0,0,0,0,0
0,538,#,murfwykjiuog,2,#,10,0,0,0,0,0,0,0,0,89,44,89,44,0,0,0,0,0,0,0,0,0,0,0,0,0,0,0,0,0,0
0,539,#,cyfiwlhsgdji,2,#,10,0,0,0,0,0,0,0,0,7,44,7,44,0,0,0,0,0,0,0,0,0,0,0,0,0,0,0,0,0,0
0,540,#,vewvgeiqybub,2,#,10,0,0,0,0,0,0,0,0,-81,-10,-81,-10,0,0,0,0,0,0,0,0,0,0,0,0,0,0,0,0,0,0
0,541,#,mqzxufdjdjju,1,#,8,0,0,0,0,0,0,0,0,-45,115,-45,115,0,0,0,0,0,0,0,0,0,0,0,0,0,0,0,0,0,0
0,542,#,whhduavjmdki,1,#,8,0,0,0,0,0,0,0,0,-45,103,-45,103,0,0,0,0,0,0,0,0,0,0,0,0,0,0,0,0,0,0
0,543,#,zpzqybyepyte,1,#,8,0,0,0,0,0,0,0,0,-45,103,-45,103,0,0,0,0,0,0,0,0,0,0,0,0,0,0,0,0,0,0
0,544,#,jndnkhfjvnjo,1,#,10,0,0,0,0,0,0,0,0,7,44,7,44,0,0,0,0,0,0,0,0,0,0,0,0,0,0,0,0,0,0
0,545,#,pnvdeewbfyfh,1,#,10,0,0,0,0,0,0,0,0,-192,0,-192,0,0,0,0,0,0,0,0,0,0,0,0,0,0,0,0,0,0,0
0,546,#,jcgarujexcrf,1,#,10,0,0,0,0,0,0,0,0,7,64,7,64,0,0,0,0,0,0,0,0,0,0,0,0,0,0,0,0,0,0
0,547,#,jmlbqlrnajyq,1,#,10,0,0,0,0,0,0,0,0,7,68,7,68,0,0,0,0,0,0,0,0,0,0,0,0,0,0,0,0,0,0
0,548,#,vooogzpoblwf,1,#,10,0,0,0,0,0,0,0,0,7,44,7,44,0,0,0,0,0,0,0,0,0,0,0,0,0,0,0,0,0,0
0,549,#,bwlykdyyjurx,2,#,10,0,0,0,0,0,0,0,0,7,44,7,44,0,0,0,0,0,0,0,0,0,0,0,0,0,0,0,0,0,0
0,550,#,fhjnljxxjpmk,2,#,10,0,0,0,0,0,0,0,0,7,44,7,44,0,0,0,0,0,0,0,0,0,0,0,0,0,0,0,0,0,0
0,551,#,nmwnyjyfezro,2,#,10,0,0,0,0,0,0,0,0,7,44,7,44,0,0,0,0,0,0,0,0,0,0,0,0,0,0,0,0,0,0
0,552,#,szdhvxpyljqe,1,#,2,0,0,0,0,0,0,0,0,75,-11,75,-11,0,0,0,0,0,0,0,0,0,0,0,0,0,0,0,0,0,0
0,553,#,jhjcroxdngqe,1,#,2,0,0,0,0,0,0,0,0,179,-49,179,-49,0,0,0,0,0,0,0,0,0,0,0,0,0,0,0,0,0,0
0,554,#,afrplxszsxit,1,#,3,0,0,0,0,0,0,0,0,50,-149,50,-149,0,0,0,0,0,0,0,0,0,0,0,0,0,0,0,0,0,0
0,555,#,eswghzpycwxb,1,#,3,0,0,0,0,0,0,0,0,-32,11,-32,11,0,0,0,0,0,0,0,0,0,0,0,0,0,0,0,0,0,0
0,556,#,qtygozpoceew,1,#,10,0,0,0,0,0,0,0,0,96,64,96,64,0,0,0,0,0,0,0,0,0,0,0,0,0,0,0,0,0,0
0,557,#,glghkfswtxet,1,#,9,0,0,0,0,0,0,0,0,32,32,32,32,0,0,0,0,0,0,0,0,0,0,0,0,0,0,0,0,0,0
0,558,#,okkjcahxfltg,1,#,15,0,0,0,0,0,0,0,0,17,22,17,22,0,0,0,0,0,0,0,0,0,0,0,0,0,0,0,0,0,0
0,559,#,cojscoppbivn,1,#,4,0,0,0,0,0,0,0,0,-16,-48,-16,-48,0,0,0,0,0,0,0,0,0,0,0,0,0,0,0,0,0,0
0,560,#,pcmfcidohwga,1,#,7,0,0,0,0,0,0,0,0,-16,-112,-16,-112,0,0,0,0,0,0,0,0,0,0,0,0,0,0,0,0,0,0
0,561,#,tkcshwnsnsqr,1,#,10,0,0,0,0,0,0,0,0,0,136,0,136,0,0,0,0,0,0,0,0,0,0,0,0,0,0,0,0,0,0
0,562,#,yrdhekgqgxtg,1,#,10,0,0,0,0,0,0,0,0,-80,96,-80,96,0,0,0,0,0,0,0,0,0,0,0,0,0,0,0,0,0,0
0,564,#,skifghbnovxl,1,#,2,0,0,0,0,0,0,0,0,-33,-16,-33,-16,0,0,0,0,0,0,0,0,0,0,0,0,0,0,0,0,0,0
0,565,#,ckbtgxrnjvof,1,#,11,0,0,0,0,0,0,0,0,72,-85,72,-85,0,0,0,0,0,0,0,0,0,0,0,0,0,0,0,0,0,0
0,566,#,lfpzrcpfngkf,1,#,5,0,0,0,0,0,0,0,0,9,-37,9,-37,0,0,0,0,0,0,0,0,0,0,0,0,0,0,0,0,0,0
0,567,#,qyfevgdqedyw,1,#,9,0,0,0,0,0,0,0,0,-45,-10,-45,-10,0,0,0,0,0,0,0,0,0,0,0,0,0,0,0,0,0,0
0,570,#,qfwkvipzxqey,1,#,13,0,0,0,0,0,0,0,0,11,140,11,140,0,0,0,0,0,0,0,0,0,0,0,0,0,0,0,0,0,0
0,571,#,gnnicfxddgut,1,#,13,0,0,0,0,0,0,0,0,11,140,11,140,0,0,0,0,0,0,0,0,0,0,0,0,0,0,0,0,0,0
0,572,#,obxvexpgyajg,1,#,13,0,0,0,0,0,0,0,0,11,140,11,140,0,0,0,0,0,0,0,0,0,0,0,0,0,0,0,0,0,0
0,573,#,mvqfkxbebqob,1,#,10,0,0,0,0,0,0,0,0,-80,48,-80,48,0,0,0,0,0,0,0,0,0,0,0,0,0,0,0,0,0,0
0,574,#,ihfrerqprpro,1,#,10,0,0,0,0,0,0,0,0,-64,48,-64,48,0,0,0,0,0,0,0,0,0,0,0,0,0,0,0,0,0,0
0,575,#,dsdrpxrroksm,1,#,2,0,0,0,0,0,0,0,0,64,160,64,160,0,0,0,0,0,0,0,0,0,0,0,0,0,0,0,0,0,0
0,576,#,wnftypfgkdkr,1,#,2,0,0,0,0,0,0,0,0,64,160,64,160,0,0,0,0,0,0,0,0,0,0,0,0,0,0,0,0,0,0
0,577,#,icwosohxkvbd,1,#,2,0,0,0,0,0,0,0,0,128,96,128,96,0,0,0,0,0,0,0,0,0,0,0,0,0,0,0,0,0,0
0,578,#,ohcikvnwgsuh,1,#,2,0,0,0,0,0,0,0,0,96,32,96,32,0,0,0,0,0,0,0,0,0,0,0,0,0,0,0,0,0,0
0,579,#,lhdxfbtoyfer,1,#,11,0,0,0,0,0,0,0,0,72,-85,72,-85,0,0,0,0,0,0,0,0,0,0,0,0,0,0,0,0,0,0
0,581,#,lwrljvbgvkxe,1,#,10,0,0,0,0,0,0,0,0,32,160,32,160,0,0,0,0,0,0,0,0,0,0,0,0,0,0,0,0,0,0
0,582,#,rgjwnwdygctr,1,#,10,0,0,0,0,0,0,0,0,-32,72,-32,72,0,0,0,0,0,0,0,0,0,0,0,0,0,0,0,0,0,0
0,583,#,naucyhpcdjwf,1,#,10,0,0,0,0,0,0,0,0,-32,32,-32,32,0,0,0,0,0,0,0,0,0,0,0,0,0,0,0,0,0,0
0,584,#,fcaeosgyrckf,1,#,10,0,0,0,0,0,0,0,0,-32,64,-32,64,0,0,0,0,0,0,0,0,0,0,0,0,0,0,0,0,0,0
0,585,#,kvllndxefqyr,1,#,11,0,0,0,0,0,0,0,0,-24,80,-24,80,0,0,0,0,0,0,0,0,0,0,0,0,0,0,0,0,0,0
0,586,#,eoaivzseqtwo,1,#,11,0,0,0,0,0,0,0,0,-48,80,-48,80,0,0,0,0,0,0,0,0,0,0,0,0,0,0,0,0,0,0
0,587,#,bcvjduazbvue,5,#,10,0,0,0,0,0,0,0,0,8,80,8,80,0,0,0,0,0,0,0,0,0,0,0,0,0,0,0,0,0,0
0,588,#,jtokvqdkiidv,5,#,10,0,0,0,0,0,0,0,0,-32,72,-32,72,0,0,0,0,0,0,0,0,0,0,0,0,0,0,0,0,0,0
0,589,#,yqxjpfvbrghk,5,#,10,0,0,0,0,0,0,0,0,8,80,8,80,0,0,0,0,0,0,0,0,0,0,0,0,0,0,0,0,0,0
0,590,#,xsjvtttdqhwy,5,#,10,0,0,0,0,0,0,0,0,-32,72,-32,72,0,0,0,0,0,0,0,0,0,0,0,0,0,0,0,0,0,0
0,591,#,vwaghxaewzdw,1,#,3,0,0,0,0,0,0,0,0,-8,96,-8,96,0,0,0,0,0,0,0,0,0,0,0,0,0,0,0,0,0,0
0,592,#,ypbbvxgczbph,1,#,3,0,0,0,0,0,0,0,0,-8,64,-8,64,0,0,0,0,0,0,0,0,0,0,0,0,0,0,0,0,0,0
0,594,#,yowvcxyrqiqe,1,#,5,0,0,0,0,0,0,0,0,96,64,96,64,0,0,0,0,0,0,0,0,0,0,0,0,0,0,0,0,0,0
0,595,#,aaklgdwughjy,1,#,5,0,0,0,0,0,0,0,0,64,32,64,32,0,0,0,0,0,0,0,0,0,0,0,0,0,0,0,0,0,0
0,597,#,xdcuopswoflo,1,#,2,0,0,0,0,0,0,0,0,64,32,64,32,0,0,0,0,0,0,0,0,0,0,0,0,0,0,0,0,0,0
0,598,#,ogjyulhxjvhr,1,#,2,0,0,0,0,0,0,0,0,64,32,64,32,0,0,0,0,0,0,0,0,0,0,0,0,0,0,0,0,0,0
0,599,#,zkkzcjehulfi,1,#,11,0,0,0,0,0,0,0,0,-48,96,-48,96,0,0,0,0,0,0,0,0,0,0,0,0,0,0,0,0,0,0
0,600,#,ptotvjxlwqgh,1,#,11,0,0,0,0,0,0,0,0,-48,96,-48,96,0,0,0,0,0,0,0,0,0,0,0,0,0,0,0,0,0,0
0,601,#,dpmgoqtslers,1,#,3,0,0,0,0,0,0,0,0,64,120,64,120,0,0,0,0,0,0,0,0,0,0,0,0,0,0,0,0,0,0
0,602,#,jzweeqxgragj,1,#,3,0,0,0,0,0,0,0,0,24,120,24,120,0,0,0,0,0,0,0,0,0,0,0,0,0,0,0,0,0,0
0,603,#,iepccppipopa,1,#,9,0,0,0,0,0,0,0,0,-48,96,-48,96,0,0,0,0,0,0,0,0,0,0,0,0,0,0,0,0,0,0
0,604,#,srqsizwuyvfm,1,#,9,0,0,0,0,0,0,0,0,-48,96,-48,96,0,0,0,0,0,0,0,0,0,0,0,0,0,0,0,0,0,0
0,605,#,jnwpsrxekmbn,1,#,10,0,0,0,0,0,0,0,0,-64,24,-64,24,0,0,0,0,0,0,0,0,0,0,0,0,0,0,0,0,0,0
0,606,#,clqoqbjfvidf,1,#,10,0,0,0,0,0,0,0,0,-64,24,-64,24,0,0,0,0,0,0,0,0,0,0,0,0,0,0,0,0,0,0
0,607,#,ysteufhuvuuk,1,#,10,0,0,0,0,0,0,0,0,-64,24,-64,24,0,0,0,0,0,0,0,0,0,0,0,0,0,0,0,0,0,0
0,608,#,octsmbzvtknp,1,#,10,0,0,0,0,0,0,0,0,-64,24,-64,24,0,0,0,0,0,0,0,0,0,0,0,0,0,0,0,0,0,0
0,609,#,qvjxstjsucxx,1,#,10,0,0,0,0,0,0,0,0,32,96,32,96,0,0,0,0,0,0,0,0,0,0,0,0,0,0,0,0,0,0
0,610,#,vjgqyiisflxo,1,#,10,0,0,0,0,0,0,0,0,32,96,32,96,0,0,0,0,0,0,0,0,0,0,0,0,0,0,0,0,0,0
0,611,#,yqbbctkwbtgd,1,#,10,0,0,0,0,0,0,0,0,32,64,32,64,0,0,0,0,0,0,0,0,0,0,0,0,0,0,0,0,0,0
0,612,#,iinthvbcxohn,1,#,10,0,0,0,0,0,0,0,0,32,64,32,64,0,0,0,0,0,0,0,0,0,0,0,0,0,0,0,0,0,0
0,613,#,fwbonbofgcwe,1,#,10,0,0,0,0,0,0,0,0,-16,112,-16,112,0,0,0,0,0,0,0,0,0,0,0,0,0,0,0,0,0,0
0,614,#,xwkafpsvohsx,1,#,11,0,0,0,0,0,0,0,0,72,-85,72,-85,0,0,0,0,0,0,0,0,0,0,0,0,0,0,0,0,0,0
0,615,#,swtqydoaxery,1,#,11,0,0,0,0,0,0,0,0,72,-85,72,-85,0,0,0,0,0,0,0,0,0,0,0,0,0,0,0,0,0,0
0,616,#,kevftdefeysm,1,#,11,0,0,0,0,0,0,0,0,72,-85,72,-85,0,0,0,0,0,0,0,0,0,0,0,0,0,0,0,0,0,0
0,617,#,oclehydqqwtr,1,#,11,0,0,0,0,0,0,0,0,72,-85,72,-85,0,0,0,0,0,0,0,0,0,0,0,0,0,0,0,0,0,0
0,618,#,whfpobwysexc,1,#,11,0,0,0,0,0,0,0,0,72,-85,72,-85,0,0,0,0,0,0,0,0,0,0,0,0,0,0,0,0,0,0
0,619,#,wnnfthmvobbc,1,#,11,0,0,0,0,0,0,0,0,-24,80,-24,80,0,0,0,0,0,0,0,0,0,0,0,0,0,0,0,0,0,0
0,620,#,mowniqrfpjjw,1,#,11,0,0,0,0,0,0,0,0,-48,80,-48,80,0,0,0,0,0,0,0,0,0,0,0,0,0,0,0,0,0,0
0,621,#,mhgomfxjbdqg,1,#,2,0,0,0,0,0,0,0,0,16,128,16,128,0,0,0,0,0,0,0,0,0,0,0,0,0,0,0,0,0,0
0,622,#,oevqngeqykfc,1,#,2,0,0,0,0,0,0,0,0,0,96,0,96,0,0,0,0,0,0,0,0,0,0,0,0,0,0,0,0,0,0
0,623,#,hzegzqgicqnv,1,#,2,0,0,0,0,0,0,0,0,96,48,96,48,0,0,0,0,0,0,0,0,0,0,0,0,0,0,0,0,0,0
0,624,#,mqboqqeinwaj,1,#,2,0,0,0,0,0,0,0,0,48,-16,48,-16,0,0,0,0,0,0,0,0,0,0,0,0,0,0,0,0,0,0
0,625,#,wlmwstevvrwv,1,#,16,0,0,0,0,0,0,0,0,16,96,16,96,0,0,0,0,0,0,0,0,0,0,0,0,0,0,0,0,0,0
0,626,#,yjylvwiustlg,1,#,16,0,0,0,0,0,0,0,0,16,96,16,96,0,0,0,0,0,0,0,0,0,0,0,0,0,0,0,0,0,0
0,627,#,bxslnscoclqv,1,#,16,0,0,0,0,0,0,0,0,16,96,16,96,0,0,0,0,0,0,0,0,0,0,0,0,0,0,0,0,0,0
0,628,#,qyzjmmmamvqv,1,#,2,0,0,0,0,0,0,0,0,32,56,32,56,0,0,0,0,0,0,0,0,0,0,0,0,0,0,0,0,0,0
0,629,#,cvhmavgxsrbr,1,#,2,0,0,0,0,0,0,0,0,32,56,32,56,0,0,0,0,0,0,0,0,0,0,0,0,0,0,0,0,0,0
0,630,#,mxftnbimpfud,1,#,2,0,0,0,0,0,0,0,0,32,56,32,56,0,0,0,0,0,0,0,0,0,0,0,0,0,0,0,0,0,0
0,631,#,oequjjnzhgcw,1,#,10,0,0,0,0,0,0,0,0,64,72,64,72,0,0,0,0,0,0,0,0,0,0,0,0,0,0,0,0,0,0
0,632,#,jdpebtsbhupn,1,#,10,0,0,0,0,0,0,0,0,64,72,64,72,0,0,0,0,0,0,0,0,0,0,0,0,0,0,0,0,0,0
0,633,#,ozdxnvurmoyg,1,#,10,0,0,0,0,0,0,0,0,64,72,64,72,0,0,0,0,0,0,0,0,0,0,0,0,0,0,0,0,0,0
0,634,#,oesmuxjcpwsl,1,#,10,0,0,0,0,0,0,0,0,-64,48,-64,48,0,0,0,0,0,0,0,0,0,0,0,0,0,0,0,0,0,0
0,635,#,lxkovqjiqcue,1,#,10,0,0,0,0,0,0,0,0,-64,48,-64,48,0,0,0,0,0,0,0,0,0,0,0,0,0,0,0,0,0,0
0,636,#,idborkfjzpjt,1,#,10,0,0,0,0,0,0,0,0,-64,48,-64,48,0,0,0,0,0,0,0,0,0,0,0,0,0,0,0,0,0,0
1,80,#,jnxoytktolbb,9,#,9,9,78,47,85,-30,77,-24,73,-36,57,0,61,-5,69,-6,31,-5,0,-39,23,-7,1,12,0,28,17,240,60,90,96
2,81,#,jkjqeleyhbus,5,#,9,26,79,25,81,-39,78,-65,67,-32,46,-37,104,3,59,-22,12,3,0,-30,31,-31,-4,12,16,34,-5,235,62,108,108
3,77,#,skgpomqtcedb,8,#,9,-3,90,-7,104,-24,79,-66,85,-42,60,-42,60,-13,80,-18,38,-13,0,-39,36,-18,9,22,5,28,7,253,59,101,100
4,87,#,cfqmhviykuup,14,#,9,43,43,36,40,-14,33,-46,30,-45,11,-45,11,36,29,14,-1,36,0,-25,-18,-7,-61,9,2,28,7,234,106,94,109
5,20,#,pueufyccujmd,5,#,2,43,25,130,60,-20,24,34,50,-8,29,65,63,49,18,50,5,49,0,-12,-30,62,-24,8,10,28,23,176,84,163,156
6,83,#,uswetrxvttms,8,#,11,42,76,39,80,8,68,-35,64,-7,44,-7,44,48,58,45,23,48,0,9,25,36,-16,12,22,28,25,198,65,95,100
7,84,#,oeimwwkynzlt,5,#,11,-88,-1,-79,6,-93,5,-154,-1,-132,-28,-132,-28,-69,-16,-87,-44,-69,0,-119,-56,-120,-79,12,21,28,7,325,131,93,107
8,90,#,nppdykjbwmkx,10,#,11,56,64,65,70,3,59,-11,61,-10,43,-10,43,77,67,56,30,77,0,1,9,21,-28,12,-9,28,-17,231,75,94,105
9,91,#,gobumojesgfi,9,#,11,-29,-36,-51,-34,-60,-35,-122,-43,-113,-58,-113,-58,-51,-58,-77,-90,-51,0,-84,-91,-112,-122,13,-48,28,-27,292,182,94,98
10,50,#,uffgxggsrtti,5,#,2,110,-19,19,42,49,-2,-75,53,27,-33,0,25,106,-14,-18,4,106,0,67,-87,-30,-11,32,-21,28,7,129,159,119,117
11,9,#,gyckjmemgqoe,13,#,2,6,59,5,59,-22,48,-49,50,-14,38,-14,38,-3,42,-75,1,-3,0,-49,4,-11,-34,10,10,28,7,234,80,133,125
12,10,#,xqnkdultpvaf,9,#,2,25,88,12,97,-3,79,-13,83,-19,63,-19,63,24,74,-62,36,24,0,-30,33,-30,-4,-6,13,28,7,221,49,125,134
13,32,#,pxogwcltgjkn,11,#,2,101,53,109,68,40,48,13,58,52,33,52,33,94,47,56,2,94,0,46,-2,41,-37,25,16,28,7,144,83,122,124
14,11,#,cdidanqovcfr,7,#,2,128,84,132,75,50,71,36,65,87,54,86,54,115,73,43,24,115,0,73,29,70,-6,1,11,28,7,120,60,136,136
15,33,#,hpfcwdqxgyvl,12,#,2,-117,-8,-119,-2,-168,-14,-215,-12,-187,-8,-187,-7,-158,-16,-152,-60,-158,0,-202,-65,-128,-96,15,-6,28,7,411,147,122,117
16,12,#,ljesxnctkmmf,7,#,2,27,77,17,95,10,71,-79,67,-19,63,-20,63,-9,69,-64,41,-9,0,-28,22,-29,3,5,10,28,7,219,58,133,126
17,13,#,icpexclhwthr,8,#,2,94,82,92,96,37,78,-4,86,35,72,35,72,87,80,43,37,87,0,39,27,17,2,13,16,28,7,146,52,140,130
18,14,#,gcbiuhgmgjbm,8,#,2,96,88,98,95,37,87,2,85,38,74,38,74,89,87,55,46,89,0,41,33,23,-7,16,16,28,7,152,46,134,136
19,24,#,yomyfjkhndny,10,#,3,90,-14,71,-1,39,-21,4,-12,47,-27,47,-27,97,-4,82,-61,97,0,71,-68,50,-103,28,8,28,7,138,150,92,108
20,25,#,oxqlrctsmegi,8,#,3,12,11,9,25,-24,11,-83,9,-33,50,-33,50,1,31,-37,-23,1,0,3,-38,-46,-64,7,-41,11,-16,196,124,97,112
21,78,#,oygjwmgvcdyv,11,#,8,-27,74,-34,46,-4,72,-67,46,5,55,12,41,-5,69,-3,2,-5,0,-3,24,4,-33,41,2,40,-39,174,51,99,130
22,86,#,bxzhnjffdppv,7,#,8,28,106,31,114,-19,105,-35,94,-49,78,-49,78,16,90,-7,46,16,0,-27,51,-38,5,14,6,28,7,233,33,104,122
23,79,#,vzgrqylbwegp,7,#,8,93,67,104,55,68,65,28,56,66,42,65,42,77,56,37,28,53,0,43,13,50,-2,40,1,52,-16,75,76,136,140
24,85,#,icwowutxbvgh,7,#,8,115,125,119,130,59,127,22,128,44,104,44,104,87,121,84,70,87,0,60,70,57,25,12,3,28,7,134,4,127,148
25,89,#,bwgbubdrhvfg,1,#,7,-13,-17,-20,-3,-72,-22,-91,-16,-103,-48,-103,-48,-15,-26,-26,-74,-15,0,-68,-72,-84,-114,2,-21,28,-19,294,167,90,100
26,26,#,ubntuiyurxwk,9,#,9,-151,4,-154,15,-205,13,-250,5,-222,18,-223,17,-153,7,-197,-53,-153,0,-206,-51,-222,-83,15,-1,28,7,417,131,99,106
27,27,#,dyurkaeenkdh,8,#,9,-138,44,-85,56,-77,37,-181,46,-156,53,-156,53,-22,33,-106,-20,-22,0,-100,-11,-122,-50,8,-5,28,7,352,95,107,109
28,51,#,vswgjojfoqdc,6,#,3,13,-4,14,-9,48,10,-19,-4,34,4,34,4,63,-22,14,-60,44,0,-19,-61,-10,-95,55,-4,46,7,90,150,134,141
29,52,#,qvqlfmytkmor,6,#,3,-68,-54,-68,-41,-47,-56,-133,-62,-104,-57,-104,-57,-40,-39,-92,-103,-40,0,-69,-97,-72,-140,-9,-23,11,-16,299,198,121,125
30,76,#,iyondwbusgym,7,#,7,4,75,8,82,38,70,-16,72,-37,53,-38,53,5,70,-3,64,5,0,-28,19,28,-10,10,0,28,7,245,51,111,134
31,1,#,snohitatusbk,12,#,2,125,24,83,25,29,24,-13,15,73,27,29,21,129,18,-3,-32,129,0,70,-31,29,-32,28,7,28,7,112,108,145,153
32,2,#,wujywbyjntbp,13,#,2,130,68,114,59,34,68,18,49,79,63,66,51,126,66,32,11,126,0,75,13,60,2,19,8,28,7,106,63,139,114
33,28,#,qvmfwjitflgw,5,#,2,-71,96,107,-89,-91,95,11,-99,-120,98,25,-102,-80,90,22,-151,-80,0,-126,41,42,-177,23,-9,28,7,311,31,142,155
34,29,#,pjkwpxniwgge,6,#,2,100,-10,97,104,58,-14,1,94,42,-2,32,109,90,-14,28,40,90,0,45,-65,42,9,26,6,28,7,139,149,140,143
35,6,#,kksiqffpclxh,3,#,2,86,45,59,-47,15,43,-37,-57,41,46,29,-52,79,39,10,-108,79,0,56,-12,15,-133,-10,-1,28,-21,134,91,134,153
36,30,#,jatvhskutlck,3,#,2,21,89,64,82,-49,79,-32,72,-28,97,4,89,32,80,20,36,32,0,-86,29,23,-10,40,0,28,7,171,41,141,157
37,7,#,ujhxqqlcorxv,3,#,2,86,90,59,-3,-10,90,-37,-13,42,98,-13,6,79,84,-27,-39,79,0,31,35,6,-65,37,11,28,7,151,41,142,149
38,31,#,isiuepygxdzq,8,#,2,-3,112,63,93,-56,107,-33,83,-55,120,35,98,-12,114,34,32,-12,0,-58,57,58,-14,5,7,28,7,250,18,134,157
39,99,#,zrmviexnupjy,6,#,3,0,104,104,144,-16,64,80,112,0,80,88,112,-8,72,88,96,-16,0,-24,24,72,48,2,-12,28,7,224,48,124,104
40,100,#,jiftwdxqwtin,6,#,3,72,136,80,160,48,104,32,128,64,120,40,136,56,104,56,136,40,0,48,64,40,64,9,2,10,7,148,12,132,112
41,101,#,veulocbvzaqy,7,#,3,52,72,65,78,-15,65,-31,68,-18,34,-19,34,-4,57,-1,-1,-4,0,-11,17,-10,-27,0,2,28,7,218,86,103,121
42,21,#,debsnofmttkx,2,#,3,112,104,36,60,64,72,-32,8,80,80,0,32,72,80,-24,12,56,0,80,64,-16,-32,7,20,28,20,124,48,128,120
43,22,#,tcqsalkhzurk,1,#,3,11,109,0,120,-7,107,-96,110,-13,88,-14,88,10,106,-29,57,10,0,-44,54,-12,8,14,13,28,7,230,25,144,145
44,53,#,bqwjdltjktls,2,#,3,112,144,8,200,48,128,-64,144,64,136,-16,160,64,128,-24,128,40,0,48,72,0,96,21,20,28,7,144,-8,132,112
45,23,#,shjlydqjdfcl,11,#,3,123,90,115,105,78,92,19,95,61,77,61,77,101,86,49,53,101,0,68,35,70,1,10,23,28,19,134,35,114,137
46,54,#,nehcyhpiviue,5,#,3,29,65,72,23,-22,59,23,53,-30,33,8,9,10,68,25,-4,10,0,-26,10,12,-34,20,24,28,7,236,68,111,119
47,55,#,icmlpbiditqy,5,#,3,57,63,14,80,-28,54,-54,67,-7,30,-18,50,51,45,-20,17,51,0,2,8,-7,-17,10,19,28,-16,208,74,103,119
48,56,#,vopfxipptsrt,9,#,3,41,68,24,71,20,61,-29,49,6,42,18,31,64,64,13,16,72,0,28,17,25,-33,9,28,28,7,186,73,92,109
49,102,#,dkmxevqgbxmr,2,#,16,88,148,92,148,56,124,56,128,64,140,32,144,56,128,48,128,48,0,48,96,-40,60,10,20,28,7,148,-8,128,112
50,103,#,cayfwlehtvgj,2,#,16,192,148,172,176,128,128,96,144,144,136,128,152,152,132,104,132,144,0,144,88,96,80,13,2,28,7,68,-8,128,112
51,70,#,lcmobkdeizph,3,#,5,71,-16,64,-4,30,-11,0,-16,32,-26,32,-26,56,-14,56,-59,56,0,45,-68,48,-95,18,7,28,7,162,161,109,94
52,59,#,sfbwblstvfmw,10,#,5,7,86,2,94,-13,84,-46,84,-16,71,-16,71,-4,87,3,51,-4,0,-5,33,-12,-5,14,16,28,7,197,40,131,143
53,60,#,vkmjguonqcsg,9,#,5,1,71,0,72,-23,63,-65,61,-28,49,-28,49,-5,55,-3,14,-5,0,-17,14,-12,-8,26,1,28,7,191,70,140,136
54,61,#,bhyiqjjifflp,2,#,5,-19,69,-10,77,-30,60,-106,67,-26,41,-26,41,-4,68,-12,25,-4,0,-54,16,-35,-27,8,11,28,7,219,53,153,162
55,62,#,grppcbegkphv,9,#,5,99,120,21,67,32,108,-75,57,30,83,-7,34,85,106,-13,14,85,0,44,65,-10,-27,11,26,28,7,164,24,94,93
56,63,#,wnkageqzigwd,7,#,5,151,76,63,9,73,76,-33,-1,84,41,0,-19,135,64,-19,-39,135,0,96,21,15,-66,15,32,28,7,98,48,110,108
57,64,#,opprvckvhrkv,7,#,5,73,71,75,75,15,62,-21,65,4,37,29,24,49,64,22,9,49,0,18,16,32,-22,8,19,28,7,200,63,93,103
58,65,#,lvfswfzywnql,7,#,5,81,93,75,74,54,102,-21,64,34,55,30,26,71,82,28,15,71,0,55,40,27,-10,-3,6,21,23,149,40,106,114
59,66,#,eqpvjbnbjlhy,2,#,5,79,104,78,115,28,103,20,96,12,89,12,89,64,96,29,55,64,0,24,49,24,12,13,28,28,18,178,36,100,117
60,67,#,aqpnbsizhjij,1,#,5,87,99,61,110,29,103,-9,92,14,83,14,83,66,98,40,51,66,0,27,47,39,13,8,20,28,16,178,36,104,118
61,68,#,gpshoozxgutk,9,#,5,96,48,105,52,30,39,9,42,30,30,30,30,42,39,-5,-2,42,0,34,-14,13,-11,29,4,28,7,104,92,145,147
62,69,#,qmmdyeprdqsu,11,#,5,-16,41,-23,27,-21,32,-60,18,-31,6,-31,6,-11,27,1,-20,-11,0,-31,-8,4,-45,-19,-9,15,7,266,111,126,128
63,71,#,kmcllyhenjnk,4,#,5,92,41,99,79,54,50,3,69,54,23,63,49,83,33,70,16,83,0,78,-12,71,-21,11,21,28,7,137,95,94,106
64,72,#,gcqjowlpkbde,4,#,5,94,77,116,92,52,70,23,68,36,49,66,48,100,70,68,16,100,0,66,13,53,-23,4,32,28,7,155,62,86,94
65,75,#,sdiauxhgyfkj,5,#,7,-12,93,-16,98,-18,92,-90,83,-26,81,-26,81,-17,83,-36,45,-17,0,-13,37,-25,13,33,4,28,7,211,40,109,119
66,92,#,ltdlvothcqnr,3,#,7,14,81,4,94,-82,81,-92,84,-57,61,-57,61,-7,76,-21,35,-29,0,-41,26,-50,37,14,-2,28,7,253,54,83,120
67,93,#,jqexjuembtvh,8,#,2,128,108,72,132,96,88,40,96,96,96,48,112,104,88,40,96,64,0,72,64,16,48,24,-5,28,7,108,32,128,128
68,15,#,fwptxiocqkyd,10,#,2,86,-11,93,-6,10,-11,-3,-16,35,-18,19,-16,48,-7,67,-50,48,0,31,-66,26,-87,29,-23,28,-19,144,130,153,168
69,94,#,lnarycubyzrr,10,#,2,108,52,118,64,36,51,22,54,36,62,40,55,112,49,64,32,85,0,53,-3,49,-22,26,5,28,7,134,84,123,134
70,16,#,xqjemfzdbjox,9,#,2,137,11,47,30,41,11,-49,20,62,16,-15,19,103,8,23,-23,103,0,82,-44,11,-53,21,9,28,7,106,116,134,145
71,34,#,mtvkfikepcfr,1,#,2,17,67,58,61,-47,60,-3,51,-43,76,17,67,-23,64,-1,5,-23,0,-65,11,-16,-28,2,6,28,7,246,69,142,144
72,35,#,nfzmalhtwved,1,#,2,73,66,49,85,38,62,-47,75,44,68,5,70,59,57,5,25,59,0,9,11,-13,-10,5,3,28,7,172,70,146,145
73,36,#,aejfywpsegbv,2,#,2,112,128,120,184,64,80,88,144,80,96,96,144,100,72,80,136,56,0,64,56,48,80,17,15,28,7,132,48,132,104
74,37,#,uuilouoffjoj,2,#,2,112,160,96,168,80,136,64,128,88,136,72,128,100,128,64,116,72,0,72,88,48,64,6,4,28,7,124,0,132,112
75,38,#,nlobofyxzvku,9,#,2,28,26,11,35,-23,40,-85,25,-33,27,-35,28,9,27,-32,-16,9,0,-27,-29,-44,-50,29,-42,28,-30,218,123,131,133
76,39,#,zgerairddhko,9,#,2,83,-49,74,-31,18,-48,-22,-41,32,-36,32,-36,49,-56,20,-102,49,0,-10,-103,-8,-119,37,-45,46,-28,128,189,132,127
77,40,#,ihuijkvksqky,5,#,2,92,-3,108,47,39,2,12,37,50,13,60,53,86,-4,72,-4,86,0,45,-57,55,-40,11,-17,37,-10,153,136,124,151
78,41,#,qngptlxhrwhj,7,#,2,-68,51,113,55,-39,41,17,45,-101,65,57,72,-77,40,19,6,-77,0,-47,-5,8,-24,1,-24,50,-33,304,85,148,151
79,42,#,ahztpphnuvco,13,#,2,-34,6,-23,131,-100,4,-119,121,-91,-18,-91,112,-51,-8,-52,67,-51,0,-89,-49,-72,27,-16,-12,-5,7,283,140,129,137
80,43,#,kclrmkyzpnpc,15,#,2,128,29,145,40,61,32,49,30,69,2,69,2,109,24,89,-16,109,0,73,-26,97,-45,22,-4,28,7,120,107,130,146
81,44,#,fhaelooubkbi,14,#,2,113,76,109,73,46,70,13,63,51,53,41,53,101,68,63,21,101,0,58,21,55,-9,3,17,15,7,135,63,118,143
82,45,#,pnpixtolsebg,15,#,2,147,39,122,57,70,39,26,47,81,24,47,24,125,37,74,-10,125,0,92,-16,67,-24,4,26,28,7,106,98,110,135
83,46,#,tyjrubumfpxy,7,#,2,32,101,40,119,-11,101,-56,109,-40,88,-34,88,17,88,-17,49,17,0,-23,46,-19,5,14,10,28,7,236,29,122,147
84,47,#,qaryaychpubb,7,#,2,56,87,55,105,3,88,-41,95,-10,76,-14,77,46,80,-8,38,46,0,1,32,1,0,10,6,28,7,196,41,118,141
85,95,#,eeyrwdehbixg,3,#,2,-48,64,-50,64,-34,55,-47,66,-65,58,-65,58,-38,54,-40,22,-38,0,-30,-8,-21,1,-34,-38,-27,-24,320,71,143,174
86,96,#,svcuufdqcqmy,4,#,2,118,85,118,85,59,86,35,82,47,63,47,63,87,77,58,19,87,0,63,30,56,6,22,27,28,20,139,67,135,138
87,97,#,fhpgicaysllm,4,#,2,58,105,60,129,19,107,-33,125,-34,116,-34,116,-1,108,3,72,-1,0,3,50,-19,31,4,1,28,7,186,22,155,167
88,98,#,vksjkggcuvik,2,#,2,99,119,86,130,25,120,-10,120,10,116,10,116,52,115,45,59,52,0,44,64,42,19,12,26,28,8,154,14,109,137
89,48,#,oiknslickotp,2,#,2,46,47,43,55,-50,47,-53,45,-37,18,-37,18,23,26,3,-29,23,0,-9,-8,-15,-21,11,32,28,7,198,100,145,141
90,49,#,qukusrsftcgy,2,#,2,48,39,44,33,71,26,29,21,62,41,62,41,55,26,51,-15,55,0,32,-9,52,-24,43,-12,47,-7,67,102,154,165
91,17,#,nkvvrszimkre,6,#,2,17,71,13,62,-22,70,-83,52,-45,54,-45,54,17,71,-23,21,17,0,-38,16,-41,-13,20,-16,28,-9,221,65,145,147
92,18,#,louolngpmrwj,6,#,2,-17,106,-3,107,-38,106,-99,97,-29,86,-29,86,-8,85,-27,46,-8,0,-72,51,-16,2,4,-9,28,-11,242,38,163,119
93,19,#,ihengpjwmfrt,6,#,2,87,90,83,94,26,87,-13,84,47,74,47,74,75,71,19,17,75,0,32,35,24,-16,17,-4,28,-4,143,51,155,130
94,74,#,qihrkkfwekpo,9,#,7,119,-28,29,53,67,-18,-67,43,67,-49,7,26,83,-34,48,-15,83,0,67,-57,27,-53,18,15,28,7,85,154,97,117
95,104,#,wvkpfygaipjq,3,#,16,88,148,92,148,56,124,56,128,64,140,32,144,56,128,48,128,48,0,48,96,-40,60,10,20,28,7,148,-8,128,112
96,105,#,tsfbgfyeqxhg,5,#,16,192,148,172,176,128,128,96,144,144,136,128,152,152,132,104,132,144,0,144,88,96,80,13,2,28,7,68,-8,128,112
97,57,#,gonohkjynpmb,11,#,4,90,-14,71,-1,39,-21,4,-12,47,-27,47,-27,97,-4,82,-61,97,0,71,-68,50,-103,28,8,28,7,138,150,92,108
98,58,#,jdqefjcpslli,9,#,4,12,11,9,25,-24,11,-83,9,-33,50,-33,50,1,31,-37,-23,1,0,3,-38,-46,-64,7,-41,11,-16,196,124,97,112
99,106,#,ttkeodhvrmog,3,#,16,88,148,92,148,56,124,56,128,64,140,32,144,56,128,48,128,48,0,48,96,-40,60,10,20,28,7,148,-8,128,112
100,107,#,agybvcshxbpm,5,#,16,192,148,172,176,128,128,96,144,144,136,128,152,152,132,104,132,144,0,144,88,96,80,13,2,28,7,68,-8,128,112
101,73,#,ethdbrvnuznc,4,#,6,37,-20,17,-2,27,-18,-47,-13,-7,-26,-7,-26,21,-24,9,-71,21,0,12,-54,0,-113,25,-2,28,7,198,158,109,97
102,82,#,guwzhmxxnwol,9,#,10,-6,85,-3,95,-51,75,-83,95,-42,60,-42,60,-13,82,-42,36,-13,0,-49,42,-12,3,20,8,28,7,253,59,101,100
103,88,#,jprpbvbeillv,15,#,10,41,91,33,92,-33,84,-48,82,-45,60,-45,60,35,76,16,49,35,0,-29,26,-5,-11,21,1,28,7,232,59,96,107
104,108,#,wlvvcpnulyer,3,#,7,88,148,92,148,56,124,56,128,64,140,32,144,56,128,48,128,48,0,48,96,-40,60,10,20,28,7,148,-8,128,112
105,109,#,rsmzverhwskc,4,#,7,192,148,172,176,128,128,96,144,144,136,128,152,152,132,104,132,144,0,144,88,96,80,13,2,28,7,68,-8,128,112
106,110,#,pdricqoovxfe,6,#,11,64,72,59,73,-29,53,-47,10,-6,42,-8,41,66,32,5,8,66,0,12,-2,-5,-37,11,23,15,25,195,66,106,123
107,111,#,suivtkpjnmpt,7,#,11,66,71,98,69,-42,47,3,8,-21,45,27,39,53,26,55,6,53,0,-1,-8,45,-39,11,23,23,8,210,64,103,126
108,112,#,ihwgeegenykh,8,#,11,67,72,98,68,-48,49,11,21,-21,45,28,39,47,28,63,19,47,0,-7,-6,53,-26,11,23,23,8,210,64,103,126
109,113,#,rgribyhrzjjl,8,#,3,47,59,71,66,-16,64,27,-22,20,45,20,45,40,45,16,0,14,0,-7,6,-41,-34,11,23,33,-8,130,73,143,148
110,114,#,sgwumdfgzais,8,#,3,-31,86,-1,91,-29,80,-111,7,-73,67,-73,67,-21,76,-52,32,-20,0,-45,24,-69,-40,11,23,16,-2,255,55,130,142
111,115,#,hieimxbtcqrt,8,#,3,7,74,-12,49,27,62,-43,54,-65,58,-18,38,2,65,-48,-10,42,0,-28,19,-43,-43,29,10,29,7,217,83,106,131
112,116,#,ktexichqewel,10,#,7,64,72,59,73,-29,53,-47,10,-6,42,-8,41,66,32,5,8,66,0,12,-2,-5,-37,11,23,15,25,173,43,123,151
113,117,#,xmzltsferzto,11,#,7,64,72,59,73,-29,53,-47,10,-6,42,-8,41,66,32,5,8,66,0,12,-2,-5,-37,11,23,15,25,173,43,123,151
114,118,#,khtgrpfyurcm,11,#,4,90,-14,71,-1,39,-21,4,-12,47,-27,47,-27,97,-4,82,-61,97,0,71,-68,50,-103,28,8,28,7,151,144,94,114
115,119,#,cqtlanpwihpj,9,#,4,12,-149,12,-149,-24,-159,-83,-159,-33,-140,-33,-140,1,-173,-37,-173,1,0,3,-188,-26,-188,7,-41,11,-16,199,318,98,107
116,120,#,oqqerytyeisg,1,#,5,16,-16,16,-4,30,-11,0,-16,32,-26,32,-26,20,-14,20,-59,20,0,16,-68,16,-95,18,7,28,7,259,141,87,106
117,121,#,yyvxfxdusxlx,2,#,6,16,-16,16,-4,30,-11,0,-16,32,-26,32,-26,20,-14,20,-59,20,0,16,-68,16,-95,18,7,28,7,258,139,83,106
118,190,#,rwqqgmxpdwbu,8,#,2,16,62,16,62,29,24,29,24,-10,27,29,21,65,50,10,0,40,0,16,-31,-4,-4,28,22,34,30,198,78,129,127
119,122,#,emjpbjscgcvf,9,#,2,-4,84,-4,84,30,84,0,84,32,56,32,56,20,80,20,40,20,0,16,16,16,16,18,7,28,7,140,43,136,139
120,123,#,tyumrhcigliq,1,#,5,43,47,104,55,8,35,28,56,66,42,65,42,17,36,37,28,53,0,43,13,60,-2,10,1,52,4,188,95,115,124
121,296,#,kavryopoywwx,3,#,7,88,148,92,148,56,124,56,128,64,140,32,144,56,128,48,128,48,0,48,96,-40,60,10,20,28,7,148,-8,128,112
122,297,#,jhefpwucyxiq,3,#,7,192,148,172,176,128,128,96,144,144,136,128,152,152,132,104,132,144,0,144,88,96,80,13,2,28,7,68,-8,128,112
123,191,#,jdsszkolhitg,1,#,13,56,128,56,128,56,96,56,96,64,112,64,112,96,120,80,68,48,0,56,64,56,64,-4,-8,16,8,157,22,119,134
124,124,#,lvmlqrzbobpe,8,#,5,26,92,26,92,-22,48,-49,50,6,58,26,58,52,80,52,80,-3,0,11,24,11,16,6,0,28,7,168,40,128,129
125,125,#,mlzpthwviwnf,8,#,5,6,92,5,92,-22,48,-49,50,12,58,26,58,60,80,60,40,-3,0,16,16,-11,-14,10,-10,28,2,166,56,122,134
126,126,#,wmzbyvhflrhy,2,#,13,-16,-48,-16,-48,-20,-88,-20,-88,16,-48,16,-48,-3,-40,-60,-90,-3,0,-24,-104,-24,-124,10,-40,28,-32,248,175,142,162
127,127,#,fqbwbmmdcjby,1,#,13,-32,32,-32,32,-22,48,-49,50,-14,38,-14,38,-3,42,-40,1,-40,0,-49,-4,-11,-34,10,-32,28,-16,265,94,125,143
128,128,#,zoaptkoerfpv,1,#,13,64,104,64,104,32,64,32,64,48,80,48,80,56,72,56,20,-48,0,56,32,56,32,16,-8,24,8,161,79,139,131
129,129,#,oyjqdsswurhl,8,#,6,44,112,16,88,-22,48,-49,50,40,58,8,48,32,80,52,0,-3,0,32,32,16,0,20,10,28,7,213,37,119,137
130,130,#,pcdygwofwfib,8,#,6,26,42,-16,-88,0,32,-49,-150,56,38,0,-120,72,42,52,-160,-3,0,32,4,-11,-184,20,0,28,7,163,105,116,125
131,131,#,liqjxscjkogx,2,#,9,-16,59,-16,140,-22,48,-49,92,-14,38,-14,96,32,42,20,80,-3,0,-10,-12,-11,16,20,0,44,0,223,93,101,96
132,132,#,khxsxmiuccsf,1,#,2,6,12,-4,62,-10,-8,-40,32,0,16,0,44,40,0,-20,-10,0,0,6,-44,6,-24,24,-8,26,0,174,138,144,143
133,133,#,jtfihmyrvmiw,1,#,2,-24,82,-94,102,-20,52,-50,72,-20,64,-40,110,0,70,-60,40,-20,0,-49,4,-64,6,6,6,28,7,271,47,125,145
134,134,#,piobwloefpcz,1,#,2,36,52,36,88,29,24,32,72,72,40,32,72,120,40,16,28,80,0,70,16,24,16,44,-12,32,-8,149,93,129,131
135,135,#,xwvykvklvvqk,1,#,2,36,112,40,112,34,68,48,92,36,96,60,104,96,96,56,52,56,0,44,56,44,16,20,-6,40,-8,169,33,117,137
136,136,#,drdaipjrohfl,3,#,9,-16,59,-16,140,-22,48,-49,92,-14,38,-14,96,32,42,20,80,-3,0,-10,-12,-11,16,20,0,44,0,223,93,101,96
137,137,#,ljzijyhhgrnx,1,#,3,-64,76,-32,136,-72,48,-40,112,-120,60,-64,120,-32,72,-48,84,-80,0,-84,16,-64,32,8,8,20,12,289,62,119,124
138,138,#,lpiecumljbyp,1,#,3,64,64,24,140,80,48,16,112,72,80,32,112,120,60,32,88,64,0,56,24,16,64,48,0,48,16,87,80,122,129
139,139,#,hmivswfdmdem,1,#,3,32,72,16,136,-24,48,0,112,16,72,32,104,16,60,16,80,-24,0,0,24,8,56,24,0,44,24,209,64,119,127
140,140,#,vrtbgpzuepqx,1,#,3,-32,104,40,128,-64,96,-8,128,-32,96,32,96,-8,112,32,96,-64,0,-64,48,-24,40,16,16,32,32,256,32,112,112
141,141,#,nnkmuxqyewyk,2,#,3,44,132,86,126,32,112,60,112,40,120,80,88,80,128,80,76,20,0,56,56,76,48,34,8,40,12,133,0,134,133
142,142,#,ykrokmtrnaqw,2,#,5,16,8,-32,112,16,0,-20,96,64,16,-16,96,80,0,-24,48,64,0,0,-32,-40,44,32,-16,32,16,124,126,117,128
143,143,#,ilxnmfogntbo,1,#,9,0,56,16,72,-24,48,48,72,16,72,32,104,16,60,32,16,-24,0,-32,24,24,24,8,0,48,0,250,80,87,96
144,144,#,lngqiqvigduj,15,#,2,32,132,86,70,32,112,60,32,40,112,80,48,80,128,80,0,20,0,56,56,76,-32,34,8,40,-8,148,6,115,133
145,145,#,ogkwigciybxf,17,#,2,112,64,72,16,80,32,64,0,96,48,80,16,120,40,80,-16,64,0,80,16,76,-48,12,4,36,-4,122,84,137,140
146,146,#,gpfqngdreebe,8,#,4,-16,88,-32,88,0,64,-32,64,32,64,0,64,32,80,-32,32,16,0,-8,44,-40,16,16,0,32,8,224,63,104,110
147,147,#,gmqsmiszmftf,3,#,2,56,112,44,132,32,112,28,124,40,124,48,112,80,120,52,72,48,0,40,52,24,32,16,3,40,0,155,11,147,162
148,148,#,eqgvmdsvjerq,2,#,9,0,56,16,72,-24,48,48,72,16,72,32,104,16,60,32,16,-24,0,-32,24,24,24,8,0,48,0,250,80,87,96
149,149,#,wugwvdccggcp,11,#,8,56,112,56,112,64,96,96,96,72,112,72,112,120,96,96,68,48,0,64,64,64,64,56,0,64,-16,125,35,98,104
150,150,#,mhpalcnpxmgz,7,#,8,-104,80,-64,72,-112,72,0,64,-80,80,-8,80,-52,72,-8,16,-96,0,-104,16,-32,0,-16,24,48,24,333,60,108,120
151,151,#,ilxltdgucgbg,7,#,8,24,144,56,148,0,128,32,144,32,128,56,128,48,112,80,128,-8,0,-8,80,16,62,32,-8,64,16,160,-8,160,112
152,152,#,kspwuqsyhipy,7,#,8,0,108,32,108,0,128,48,96,24,96,24,96,16,112,32,48,-32,0,-48,48,32,16,0,28,60,28,264,16,112,104
153,153,#,ysidnchjxvfc,1,#,18,-32,128,16,128,-40,96,-8,96,0,96,32,96,0,112,32,64,-32,0,-32,56,-16,32,0,16,24,16,240,4,140,132
154,154,#,jtyqmhgstese,6,#,21,120,120,96,120,64,112,80,96,80,112,80,112,96,96,80,80,64,0,64,64,48,32,12,-8,32,4,128,24,144,104
155,155,#,hmiwrqvijwvv,1,#,14,-32,128,-32,128,32,112,32,112,16,96,32,96,48,112,48,72,16,0,16,64,16,64,24,8,40,24,170,8,114,123
156,156,#,vsnkqdgtcjbs,2,#,18,-32,128,16,128,-40,96,-8,96,0,96,32,96,0,112,32,64,-32,0,-32,56,-16,32,0,16,24,16,240,4,140,132
157,157,#,mslkutojcolj,9,#,7,24,136,112,160,16,112,64,128,16,112,112,112,32,104,112,112,8,0,8,64,64,80,32,16,48,-16,160,8,144,96
158,158,#,qpnrcirsvqcr,6,#,3,64,136,96,152,48,112,80,128,88,128,88,128,80,120,96,120,48,0,40,64,48,72,20,16,40,8,152,0,112,104
159,159,#,xyqotgpmnjih,7,#,3,200,132,112,160,144,104,80,128,136,120,80,132,144,112,88,124,112,0,136,64,64,56,8,16,56,0,56,8,144,128
160,160,#,lvjcqqulbluo,8,#,3,64,112,112,144,48,72,104,112,64,80,120,112,80,80,112,96,64,0,64,64,112,44,6,12,32,8,152,41,109,122
161,161,#,nvnwjedsdgcl,1,#,17,160,128,160,128,176,112,160,112,168,112,168,112,200,120,160,72,158,0,160,72,152,72,24,0,32,16,22,0,130,126
163,163,#,joaeulumcgbh,1,#,13,128,128,128,168,128,128,144,128,144,112,144,128,168,120,144,72,128,0,128,72,112,96,24,0,72,-8,45,0,151,144
164,164,#,jnvcrrgmtvwl,7,#,2,16,60,-16,52,32,48,-8,48,48,64,16,64,64,48,-8,-8,48,0,40,8,-24,0,16,0,40,-16,149,72,160,151
165,165,#,gjtvekieqatn,7,#,2,0,52,0,48,48,48,48,48,56,48,48,48,48,26,32,-16,32,0,16,16,0,0,8,0,20,12,149,72,174,160
166,166,#,vxryfhvytcig,3,#,17,32,32,144,128,64,16,128,112,80,24,168,112,112,24,136,72,56,0,0,-16,128,72,24,0,32,8,126,93,145,136
167,167,#,bctrxdxrugqp,1,#,2,32,144,-8,140,0,128,-16,128,32,128,-8,128,32,112,16,112,0,0,-8,72,-16,56,8,12,24,24,208,0,112,112
168,168,#,cmupwurocdpn,6,#,2,56,124,48,140,0,96,-16,104,32,120,0,120,32,104,0,120,8,0,0,64,-8,48,0,8,8,0,184,8,152,144
169,169,#,gsrzkautnghc,6,#,2,128,136,128,136,64,112,64,112,96,112,96,112,96,112,96,112,48,0,96,64,80,48,24,8,24,8,144,-16,144,128
170,170,#,rubtymuqfeuq,11,#,2,160,144,88,140,128,128,64,112,144,128,64,120,136,128,64,120,128,0,128,80,32,56,24,8,40,8,60,-8,136,128
171,171,#,ntmjjittqkcj,5,#,8,-48,32,0,136,-80,32,-40,120,-48,40,16,128,-48,16,0,64,-80,0,-104,16,-48,40,8,-16,24,8,344,112,112,112
172,172,#,frkfpymtydmg,7,#,8,-48,32,0,136,-80,32,-40,120,-48,40,16,128,-48,16,0,64,-80,0,-104,16,-48,40,8,-16,24,8,344,112,112,112
173,173,#,etxdlqnvwqtx,6,#,8,-48,32,0,136,-80,32,-40,120,-48,40,16,128,-48,16,0,64,-80,0,-104,16,-48,40,8,-16,24,8,344,112,112,112
174,174,#,pvhdtbuddjhb,3,#,2,120,140,152,152,72,124,144,136,72,136,144,136,76,128,152,136,48,0,80,92,104,96,16,0,24,8,140,-8,136,112
175,175,#,rxzrrkjqvyqy,2,#,2,48,144,64,128,48,112,64,112,48,112,80,112,64,112,64,48,32,0,48,64,72,32,16,0,24,8,168,24,112,112
176,176,#,shcsmfegtxhf,9,#,5,-48,132,32,136,-96,112,-8,112,-32,112,32,112,-64,112,32,96,-96,0,-80,68,-8,40,16,-8,24,16,296,24,128,112
177,177,#,cmmiahpwdamx,10,#,5,-48,132,32,136,-96,112,-8,112,-32,112,32,112,-64,112,32,96,-96,0,-80,68,-8,40,16,-8,24,16,296,24,128,112
178,178,#,twvnkvqgyiru,5,#,8,-72,116,64,136,-64,116,24,116,-24,88,32,112,-48,104,32,88,-96,0,-104,60,16,32,4,-4,24,-4,304,16,128,112
179,179,#,qgkjswznylty,2,#,2,120,140,152,152,72,124,144,136,72,136,144,136,76,128,152,136,48,0,80,92,104,96,16,0,24,8,140,-8,136,112
180,180,#,utmejyqmcvbk,1,#,2,48,144,64,128,48,112,64,112,48,112,80,112,64,112,64,48,32,0,48,64,72,32,16,0,24,8,168,24,112,112
181,181,#,fdpybckruodj,1,#,2,96,136,64,144,64,96,48,128,64,104,64,112,72,112,48,112,48,0,72,64,32,64,8,8,24,0,144,8,144,144
182,182,#,kynputhclcdl,11,#,19,-24,64,-24,88,-48,64,-80,96,-16,48,-48,64,-32,48,-48,64,-80,0,-96,16,-96,24,24,8,8,32,224,72,128,128
183,183,#,uockopeurqdf,8,#,3,-40,108,56,144,-48,104,8,136,-24,88,16,128,-24,80,64,128,-96,0,-80,48,-8,64,12,16,24,16,288,40,112,112
184,184,#,xumujwygrmby,1,#,20,128,120,96,128,104,112,80,128,112,112,96,112,128,112,128,112,96,0,104,56,64,40,8,8,24,16,80,24,144,144
185,185,#,bfsrsnqivpms,1,#,7,-16,128,40,160,-32,112,32,128,-32,112,32,112,-16,112,64,128,-32,0,-64,64,16,32,8,8,36,16,208,8,160,144
186,186,#,dljghewzktat,8,#,2,144,144,104,152,176,128,128,144,176,128,128,144,176,120,128,128,136,0,144,72,96,48,8,8,40,4,0,0,128,120
187,187,#,scobmrrdbmsw,12,#,19,-24,144,-24,136,-64,128,-56,128,-24,128,-32,104,-32,128,-24,128,-80,0,-80,48,-64,40,40,-8,32,-8,240,0,144,128
188,188,#,rjggwwmmppth,5,#,6,48,72,48,176,32,64,16,104,48,64,48,96,64,48,48,112,32,0,16,48,0,80,16,-16,8,-16,216,48,128,112
189,189,#,ilnimhfcivpt,5,#,6,48,128,112,144,32,128,80,128,36,112,80,112,64,112,96,112,16,0,0,80,56,48,8,16,64,-8,184,0,112,112
190,318,#,rjtnzguullvo,2,#,7,-16,128,80,144,-32,112,64,128,-32,112,48,112,-16,112,80,128,-32,0,-56,48,64,32,16,16,36,16,208,8,160,144
191,319,#,kadfixosusrf,9,#,5,48,144,64,144,0,128,48,128,32,128,48,128,32,128,64,128,0,0,-8,72,32,64,8,16,64,-32,192,0,128,112
192,192,#,bpegnatlfibc,7,#,5,-96,120,24,144,-128,120,0,128,-112,112,16,128,-96,112,16,128,-144,0,-136,64,-32,48,16,8,32,8,320,8,128,120
193,193,#,bxbyaifmqdxk,7,#,5,-32,140,0,144,-64,128,-48,128,0,112,8,112,-48,104,-8,112,-80,0,-80,64,-32,48,16,4,28,12,288,0,144,112
194,194,#,ecwgnneuzbcv,7,#,5,-16,144,144,192,-48,128,144,128,-16,112,144,128,0,112,176,128,-48,0,-64,64,128,64,16,16,64,-8,224,0,144,144
195,195,#,tiqezicxwpry,9,#,2,64,64,64,64,40,64,40,64,72,64,56,64,80,56,80,56,48,0,24,8,8,-24,24,-8,40,8,152,64,144,128
196,196,#,gbxvfsrqbyxg,10,#,11,-96,-128,-96,-128,-96,-128,-96,-128,-48,-128,-48,-128,-48,-144,-64,-144,-96,0,-128,-192,-144,-192,8,4,24,4,320,272,128,128
197,197,#,mwlzgwdjlpxx,10,#,11,-48,-112,-48,-112,-96,-112,-104,-112,-112,-104,-112,-104,-64,-112,-64,-112,-96,0,-112,-152,-112,-168,-16,-8,8,4,336,240,104,96
200,200,#,qjkjyqhsvcpx,8,#,3,88,124,32,144,64,112,8,128,80,112,24,128,64,112,16,128,48,0,48,64,-16,64,12,-4,16,0,144,24,100,92
201,404,#,xgoisifuerjd,1,#,11,56,120,56,172,24,112,40,128,48,100,48,128,32,96,48,128,16,0,0,64,16,64,24,-4,24,-8,184,24,120,120
202,331,#,gmlbignzjwmq,3,#,11,80,124,24,160,48,112,8,80,64,104,48,48,64,96,32,32,32,0,40,64,-32,-16,24,12,32,-8,160,24,112,112
203,332,#,fgyvwqymkekn,2,#,11,64,88,64,144,40,80,32,128,40,72,64,128,48,56,40,120,32,0,0,8,16,88,20,-8,24,-8,147,79,125,127
204,326,#,xoiprnaxqxbj,10,#,2,0,48,0,56,-32,32,-64,40,-32,24,-32,32,-24,8,-24,8,-40,0,-64,-32,-64,-24,8,-32,12,-24,256,104,112,88
205,405,#,dbtrdgatxdpl,2,#,2,196,142,72,88,162,126,48,56,168,128,56,64,176,104,32,40,144,0,144,64,28,-16,0,16,24,-16,20,-8,132,136
206,406,#,rqsbaiaqlunp,2,#,11,56,88,112,128,24,80,112,128,48,72,96,104,32,64,112,96,16,0,0,48,72,48,32,0,24,8,192,64,112,104
207,407,#,fsgwccpesgfh,9,#,2,56,112,64,96,32,112,32,72,24,112,32,72,32,80,80,64,16,0,32,64,48,16,8,8,20,-24,176,48,128,128
208,408,#,yyyfqcpumpxj,4,#,7,40,72,56,112,-24,72,0,112,24,64,32,104,24,56,40,104,-8,0,-8,56,16,48,24,24,36,24,176,64,128,104
209,409,#,kgwxvcnblfjb,1,#,2,-40,92,-56,104,-16,96,-32,104,0,96,-32,104,-16,72,-32,80,-40,0,-48,40,-64,48,4,8,16,8,212,64,120,104
210,410,#,gdbwncyaopob,1,#,2,-24,108,32,160,-32,96,8,144,-16,96,32,144,-24,92,24,128,-48,0,-56,72,-16,56,0,0,24,-8,256,48,120,112
211,411,#,gmnsxwkdssmj,9,#,10,-16,104,-64,136,-40,88,-104,128,0,96,-72,96,-8,92,-64,120,-32,0,-40,60,-112,56,24,-8,32,-16,232,32,120,112
212,412,#,xjsgvmgfleuu,9,#,10,-80,88,-64,152,-96,64,-104,128,-64,64,-72,128,-64,64,-64,120,-96,0,-120,24,-96,48,0,-12,0,-20,320,64,128,112
213,413,#,xjtxwkwwfdze,10,#,2,-16,120,32,128,0,112,-16,112,-32,104,-32,112,-32,96,32,96,-64,0,-56,64,-16,64,12,4,32,8,256,16,120,112
214,414,#,xthvimkarzgq,9,#,2,120,56,80,128,88,48,64,96,112,48,64,104,96,32,80,80,88,0,80,-8,48,8,12,-8,40,-8,112,88,112,128
215,415,#,skmmrmdljugc,9,#,2,96,144,96,144,56,144,80,144,80,128,112,128,72,120,112,120,56,0,64,96,64,72,4,12,24,20,128,-8,120,112
216,416,#,vqdgxtrgintc,11,#,5,32,144,64,152,-8,128,40,152,16,128,48,136,24,128,64,144,0,0,8,80,36,64,8,8,32,0,208,-8,96,104
217,417,#,riiwaegupstv,4,#,5,-32,104,88,80,-48,96,48,48,-48,96,64,64,-32,80,64,32,-64,0,-96,48,32,16,12,-12,24,-16,256,36,128,96
219,419,#,ufgydlyjdaxb,5,#,2,72,56,36,36,64,40,32,32,64,40,64,16,64,32,48,8,48,0,40,0,40,-40,28,-20,40,-32,128,96,160,128
220,420,#,ugxgvgtjsxud,5,#,2,136,48,136,72,48,24,48,48,56,32,64,56,112,8,112,32,48,0,64,16,64,8,48,0,64,8,120,112,120,104
221,421,#,wkvdcpaogfii,7,#,2,40,128,96,136,48,112,80,120,48,112,80,128,32,104,96,112,16,0,16,72,80,48,20,16,32,-8,184,24,112,112
222,422,#,fvcfdjvmxlko,2,#,2,64,148,128,160,48,128,112,136,48,136,112,136,48,128,112,136,16,0,32,84,80,72,8,12,56,12,160,-8,136,112
224,424,#,hvxoppojkyge,5,#,2,160,112,128,124,96,104,80,112,112,112,96,120,128,96,112,104,104,0,96,80,48,64,48,4,48,8,80,32,136,134
225,425,#,cdsgjcufyxlz,3,#,2,0,120,120,120,-32,112,112,96,0,112,128,104,-32,104,112,80,-48,0,-48,64,64,32,8,-16,64,32,256,36,128,128
226,426,#,rtkekdbkqrkg,10,#,2,96,20,96,20,80,8,80,8,96,0,96,0,88,8,88,8,64,0,72,-44,64,-68,40,16,56,24,96,120,136,136
227,427,#,jcrdsdpsjcgj,7,#,5,-56,144,24,148,-64,144,-16,144,-48,128,0,128,-64,136,0,128,-96,0,-112,80,-16,48,-16,-4,-12,-8,288,-4,144,120
228,428,#,xljtrrmemnon,6,#,5,48,112,72,168,0,88,32,144,32,88,48,128,32,88,48,136,-16,0,0,60,16,68,12,-16,36,-8,200,16,160,152
229,429,#,zgscfjpbxnir,5,#,11,80,96,32,160,40,104,-16,144,64,96,0,128,64,80,0,120,32,0,40,64,-40,64,24,-8,32,-8,160,24,112,128
230,430,#,bohmlbbvqtfs,2,#,11,-24,104,-72,152,-48,80,-96,144,0,72,-64,144,0,56,-24,120,-16,0,-48,48,-96,80,8,-8,8,-8,211,69,137,123
231,431,#,ksvosfducgbe,2,#,13,100,100,-32,208,64,96,-80,144,80,96,-40,160,80,80,-48,144,48,0,64,56,-48,80,16,-8,24,0,144,40,144,136
234,434,#,idhoawqrgkqh,6,#,2,152,120,208,104,96,104,152,88,112,96,160,80,128,96,176,72,104,0,104,80,136,24,24,4,24,-12,96,24,128,120
235,435,#,ygqdfllpkbee,7,#,2,40,140,80,160,0,128,32,144,40,128,64,144,32,112,48,144,16,0,0,96,16,88,4,4,8,-24,176,4,144,128
236,436,#,wnibjvejengh,6,#,13,104,160,128,156,56,144,80,144,96,136,96,144,64,128,96,128,48,0,56,88,72,64,0,-12,24,-4,144,-12,128,112
237,437,#,gzerqivthcrd,1,#,2,112,156,144,144,64,144,104,128,80,140,112,128,80,128,112,112,64,0,56,92,80,72,16,16,32,32,128,0,128,128
241,441,#,hkhkiqkleprp,6,#,8,24,140,12,152,-8,136,-8,144,8,128,-16,144,16,112,0,120,-8,0,-24,64,-48,88,24,-12,24,-4,219,9,116,121
242,442,#,gyywcqqfnjkc,6,#,8,8,144,-16,128,-48,136,-64,128,-40,136,-48,112,-16,128,-16,104,-48,0,-64,88,-80,64,16,-8,28,-12,264,0,131,120
243,443,#,nsutzbtifaji,2,#,2,128,112,40,128,112,96,0,112,112,96,-8,104,112,96,0,96,96,0,112,48,0,48,24,-12,0,-4,88,32,112,112
245,445,#,oswtwcbzgbfm,5,#,16,80,80,104,64,56,64,80,64,96,80,112,64,64,48,96,32,48,0,32,40,80,8,8,-12,36,-8,127,87,141,121
246,446,#,feyfhhruhjse,6,#,8,24,140,12,152,-8,136,-8,144,8,128,-16,144,16,112,0,120,-8,0,-24,64,-48,88,24,-12,24,-4,230,9,118,121
247,447,#,yfpnftpuwkrx,6,#,8,-24,144,-16,128,-80,136,-64,128,-72,136,-48,112,-48,128,-16,104,-8,0,-96,88,-80,64,16,-8,28,-12,290,0,130,120
250,450,#,wwqmolrsxfvz,5,#,16,80,80,104,64,56,64,80,64,96,80,112,64,64,48,96,32,48,0,32,40,80,8,8,-12,36,-8,127,87,141,121
251,451,#,zqwwomufsbpq,2,#,16,40,132,36,108,0,117,4,96,8,124,11,104,0,117,4,96,-24,0,-16,64,-32,32,12,-8,24,-4,211,4,133,142
253,453,#,xooelfidumnp,2,#,2,32,112,64,152,-16,112,16,144,-32,112,24,144,-12,104,20,128,-40,0,-32,80,-16,72,-4,4,16,-4,244,16,120,112
258,458,#,rnmsjjndxlgj,2,#,2,132,132,128,112,96,112,80,80,104,112,96,80,96,112,112,72,72,0,64,80,80,16,32,-4,40,-4,120,12,128,112
259,459,#,jdpiljspxgpz,2,#,2,72,128,80,56,48,96,64,32,64,104,72,32,56,92,72,24,40,0,48,64,40,-40,24,-8,40,-12,152,32,128,112
260,460,#,ajggcaaaocgh,2,#,22,96,136,104,168,64,132,80,144,64,136,96,144,80,128,96,136,64,0,44,88,80,56,16,0,48,0,136,-8,136,128
261,461,#,hpxsthymxmki,1,#,11,40,144,-96,160,0,128,-144,136,16,128,-128,144,0,136,-136,132,16,0,-16,80,-160,64,8,4,32,4,224,-8,104,104
266,466,#,ekuxnovhattm,1,#,18,40,144,-96,160,0,128,-144,136,16,128,-128,144,0,136,-136,132,16,0,-16,80,-160,64,8,4,32,4,224,-8,104,104
1301,201,#,dufziinsornt,13,#,2,6,59,5,59,-22,48,-49,50,-14,38,-14,38,-3,42,-75,1,-3,0,-49,4,-11,-34,10,10,28,7,234,80,133,125
1302,202,#,kkpwecgmftci,10,#,2,25,88,12,97,-3,79,-13,83,-19,63,-19,63,24,74,-62,36,24,0,-30,33,-30,-4,-6,13,28,7,221,49,125,134
1303,203,#,sejqtlkfjwkc,11,#,2,101,53,109,68,40,48,13,58,52,33,52,33,94,47,56,2,94,0,46,-2,41,-37,25,16,28,7,144,83,122,124
1304,204,#,zlshfpystoqp,7,#,2,128,84,132,75,50,71,36,65,87,54,86,54,115,73,43,24,115,0,73,29,70,-6,1,11,28,7,120,60,136,136
1305,205,#,rmcvsljwdyur,11,#,2,-117,-8,-119,-2,-168,-14,-215,-12,-187,-8,-187,-7,-158,-16,-152,-60,-158,0,-202,-65,-128,-96,15,-6,28,7,411,147,122,117
1306,206,#,olkahitypycq,7,#,2,27,77,17,95,10,71,-79,67,-19,63,-20,63,-9,69,-64,41,-9,0,-28,22,-29,3,5,10,28,7,219,58,133,126
1307,207,#,sgpilzypnejy,8,#,2,94,82,92,96,37,78,-4,86,35,72,35,72,87,80,43,37,87,0,39,27,17,2,13,16,28,7,146,52,140,130
1308,208,#,epjlpvhwcjvw,8,#,2,96,88,98,95,37,87,2,85,38,74,38,74,89,87,55,46,89,0,41,33,23,-7,16,16,28,7,152,46,134,136
1309,209,#,fxypdctjnicq,11,#,8,-27,74,-34,46,-4,72,-67,46,5,55,12,41,-5,69,-3,2,-5,0,-3,24,4,-33,41,2,40,-39,174,51,99,130
1310,210,#,iatmdvvwlngq,8,#,8,28,106,31,114,-19,105,-35,94,-49,78,-49,78,16,90,-7,46,16,0,-27,51,-38,5,14,6,28,7,233,33,104,122
1311,211,#,nolhhoujolpc,7,#,8,93,67,104,55,68,65,28,56,66,42,65,42,77,56,37,28,53,0,43,13,50,-2,40,1,52,-16,75,76,136,140
1312,212,#,kexwyrcqjxfs,7,#,8,115,125,119,130,59,127,22,128,44,104,44,104,87,121,84,70,87,0,60,70,57,25,12,3,28,7,134,4,127,148
1313,213,#,wjcrloeyiyxw,7,#,3,13,-4,14,-9,48,10,-19,-4,34,4,34,4,63,-22,14,-60,44,0,-19,-61,-10,-95,55,-4,46,7,90,150,134,141
1314,214,#,chmytqkkilrv,7,#,3,-68,-54,-68,-41,-47,-56,-133,-62,-104,-57,-104,-57,-40,-39,-92,-103,-40,0,-69,-97,-72,-140,-9,-23,11,-16,299,198,121,125
1315,215,#,mbgjkzlvemui,6,#,3,0,104,104,144,-16,64,80,112,0,80,88,112,-8,72,88,96,-16,0,-24,24,72,48,2,-12,28,7,224,48,124,104
1316,216,#,cxhxktltjtbg,6,#,3,72,136,80,160,48,104,32,128,64,120,40,136,56,104,56,136,40,0,48,64,40,64,9,2,10,7,148,12,132,112
1317,217,#,gjyqwffsmfgw,7,#,3,52,72,65,78,-15,65,-31,68,-18,34,-19,34,-4,57,-1,-1,-4,0,-11,17,-10,-27,0,2,28,7,218,86,103,121
1318,218,#,jmpkkzqwgxtc,3,#,3,112,104,36,60,64,72,-32,8,80,80,0,32,72,80,-24,12,56,0,80,64,-16,-32,7,20,28,20,124,48,128,120
1319,219,#,espxbipsjiyt,1,#,3,11,109,0,120,-7,107,-96,110,-13,88,-14,88,10,106,-29,57,10,0,-44,54,-12,8,14,13,28,7,230,25,144,145
1320,220,#,xtqbjysffsvx,11,#,3,123,90,115,105,78,92,19,95,61,77,61,77,101,86,49,53,101,0,68,35,70,1,10,23,28,19,134,35,114,137
1321,221,#,aqgjvutybsbk,3,#,3,112,144,8,200,48,128,-64,144,64,136,-16,160,64,128,-24,128,40,0,48,72,0,96,21,20,28,7,144,-8,132,112
1322,222,#,zhixojcwijfj,5,#,3,29,65,72,23,-22,59,23,53,-30,33,8,9,10,68,25,-4,10,0,-26,10,12,-34,20,24,28,7,236,68,111,119
1323,223,#,ncijtxixkghu,5,#,3,57,63,14,80,-28,54,-54,67,-7,30,-18,50,51,45,-20,17,51,0,2,8,-7,-17,10,19,28,-16,208,74,103,119
1324,224,#,vxkcklmfevkk,9,#,3,41,68,24,71,20,61,-29,49,6,42,18,31,64,64,13,16,72,0,28,17,25,-33,9,28,28,7,186,73,92,109
1325,225,#,ffyychaekjsj,6,#,2,17,71,13,62,-22,70,-83,52,-45,54,-45,54,17,71,-23,21,17,0,-38,16,-41,-13,20,-16,28,-9,221,65,145,147
1326,226,#,algyyokhbnwz,6,#,2,-17,106,-3,107,-38,106,-99,97,-29,86,-29,86,-8,85,-27,46,-8,0,-72,51,-16,2,4,-9,28,-11,242,38,163,119
1327,227,#,qsnkljxqtrgb,7,#,2,87,90,83,94,26,87,-13,84,47,74,47,74,75,71,19,17,75,0,32,35,24,-16,17,-4,28,-4,143,51,155,130
1328,228,#,avfbkpphumso,5,#,2,43,25,130,60,-20,24,34,50,-8,29,65,63,49,18,50,5,49,0,-12,-30,62,-24,8,10,28,23,176,84,163,156
1329,229,#,cjhtlviffiwb,6,#,2,110,-19,19,42,49,-2,-75,53,27,-33,0,25,106,-14,-18,4,106,0,67,-87,-30,-11,32,-21,28,7,129,159,119,117
1330,230,#,sbdfpooechyn,8,#,2,128,108,72,132,96,88,40,96,96,96,48,112,104,88,40,96,64,0,72,64,16,48,24,-5,28,7,108,32,128,128
1331,231,#,wnocckxgfmnh,10,#,2,86,-11,93,-6,10,-11,-3,-16,35,-18,19,-16,48,-7,67,-50,48,0,31,-66,26,-87,29,-23,28,-19,144,130,153,168
1332,232,#,xfxhmadcxfdq,10,#,2,108,52,118,64,36,51,22,54,36,62,40,55,112,49,64,32,85,0,53,-3,49,-22,26,5,28,7,134,84,123,134
1333,233,#,dpqjexkcixhw,9,#,2,137,11,47,30,41,11,-49,20,62,16,-15,19,103,8,23,-23,103,0,82,-44,11,-53,21,9,28,7,106,116,134,145
1334,234,#,slzosqvxjxus,1,#,2,17,67,58,61,-47,60,-3,51,-43,76,17,67,-23,64,-1,5,-23,0,-65,11,-16,-28,2,6,28,7,246,69,142,144
1335,235,#,wpaqzeclspdr,1,#,2,73,66,49,85,38,62,-47,75,44,68,5,70,59,57,5,25,59,0,9,11,-13,-10,5,3,28,7,172,70,146,145
1336,236,#,eathbqlrqvda,2,#,2,112,128,120,184,64,80,88,144,80,96,96,144,100,72,80,136,56,0,64,56,48,80,17,15,28,7,132,48,132,104
1337,237,#,bqvrrfdcuvdr,2,#,2,112,160,96,168,80,136,64,128,88,136,72,128,100,128,64,116,72,0,72,88,48,64,6,4,28,7,124,0,132,112
1338,238,#,tedevipdbvdr,9,#,2,28,26,11,35,-23,40,-85,25,-33,27,-35,28,9,27,-32,-16,9,0,-27,-29,-44,-50,29,-42,28,-30,218,123,131,133
1339,239,#,nkrmsykdohgo,9,#,2,83,-49,74,-31,18,-48,-22,-41,32,-36,32,-36,49,-56,20,-102,49,0,-10,-103,-8,-119,37,-45,46,-28,128,189,132,127
1340,240,#,tkcwrodgemlj,6,#,2,92,-3,108,47,39,2,12,37,50,13,60,53,86,-4,72,-4,86,0,45,-57,55,-40,11,-17,37,-10,153,136,124,151
1341,241,#,woutqrqtdzqi,7,#,2,-68,51,113,55,-39,41,17,45,-101,65,57,72,-77,40,19,6,-77,0,-47,-5,8,-24,1,-24,50,-33,304,85,148,151
1342,242,#,xcbmsjqrostq,14,#,2,56,112,56,32,32,88,48,0,48,104,64,16,80,104,48,-32,32,0,56,56,56,-32,16,16,32,0,164,18,129,138
1343,243,#,wmskekfmgdio,15,#,2,128,29,145,40,61,32,49,30,69,2,69,2,109,24,89,-16,109,0,73,-26,97,-45,22,-4,28,7,120,107,130,146
1344,244,#,wvnchfzhekfo,16,#,2,72,88,16,48,48,72,16,32,120,64,16,16,112,80,-16,-40,96,0,96,32,-16,-16,16,0,32,-32,91,40,123,133
1345,245,#,wpsyznjwvlmd,15,#,2,147,39,122,57,70,39,26,47,81,24,47,24,125,37,74,-10,125,0,92,-16,67,-24,4,26,28,7,106,98,110,135
1346,246,#,ofneitwqroxe,7,#,2,32,101,40,119,-11,101,-56,109,-40,88,-34,88,17,88,-17,49,17,0,-23,46,-19,5,14,10,28,7,236,29,122,147
1347,247,#,jukighzxmudn,7,#,2,56,87,55,105,3,88,-41,95,-10,76,-14,77,46,80,-8,38,46,0,1,32,1,0,10,6,28,7,196,41,118,141
1348,248,#,xbbfxeemifpv,3,#,2,-48,64,-50,64,-34,55,-47,66,-65,58,-65,58,-38,54,-40,22,-38,0,-30,-8,-21,1,-34,-38,-27,-24,320,71,143,174
1349,249,#,ngcxxfxovpmn,4,#,2,118,85,118,85,59,86,35,82,47,63,47,63,87,77,58,19,87,0,63,30,56,6,22,27,28,20,139,67,135,138
1350,250,#,eypcwtnjgoyb,4,#,2,58,105,60,129,19,107,-33,125,-34,116,-34,116,-1,108,3,72,-1,0,3,50,-19,31,4,1,28,7,186,22,155,167
1351,251,#,pmjnkqodgjpo,2,#,2,99,119,86,130,25,120,-10,120,10,116,10,116,52,115,45,59,52,0,44,64,42,19,12,26,28,8,154,14,109,137
1352,252,#,oxttbkywusfp,2,#,2,46,47,43,55,-50,47,-53,45,-37,18,-37,18,23,26,3,-29,23,0,-9,-8,-15,-21,11,32,28,7,198,100,145,141
1353,253,#,ohpnwjgzfesg,2,#,2,48,39,44,33,71,26,29,21,62,41,62,41,55,26,51,-15,55,0,32,-9,52,-24,43,-12,47,-7,67,102,154,165
1354,254,#,pvomxydmldoi,12,#,2,125,24,83,25,29,24,-13,15,73,27,29,21,129,18,-3,-32,129,0,70,-31,29,-32,28,7,28,7,112,108,145,153
1355,255,#,lwlmcwxyvcyz,13,#,2,130,68,114,59,34,68,18,49,79,63,66,51,126,66,32,11,126,0,75,13,60,2,19,8,28,7,106,63,139,114
1356,256,#,ttcofyyswaum,5,#,2,-71,96,107,-89,-91,95,11,-99,-120,98,25,-102,-80,90,22,-151,-80,0,-126,41,42,-177,23,-9,28,7,311,31,142,155
1357,257,#,ysgtnamukxoi,6,#,2,100,-10,97,104,58,-14,1,94,42,-2,32,109,90,-14,28,40,90,0,45,-65,42,9,26,6,28,7,139,149,140,143
1358,258,#,wrxtfahvtyqi,3,#,2,86,45,59,-47,15,43,-37,-57,41,46,29,-52,79,39,10,-108,79,0,56,-12,15,-133,-10,-1,28,-21,134,91,134,153
1359,259,#,zrrxemjrtmql,3,#,2,21,89,64,82,-49,79,-32,72,-28,97,4,89,32,80,20,36,32,0,-86,29,23,-10,40,0,28,7,171,41,141,157
1360,260,#,sxrrihbkdkjl,3,#,2,86,90,59,-3,-10,90,-37,-13,42,98,-13,6,79,84,-27,-39,79,0,31,35,6,-65,37,11,28,7,151,41,142,149
1361,261,#,aufduiatycow,8,#,2,-3,112,63,93,-56,107,-33,83,-55,120,35,98,-12,114,34,32,-12,0,-58,57,58,-14,5,7,28,7,250,18,134,157
1362,262,#,iolnrzaovbhn,10,#,5,7,86,2,94,-13,84,-46,84,-16,71,-16,71,-4,87,3,51,-4,0,-5,33,-12,-5,14,16,28,7,197,40,131,143
1363,263,#,qsmurjkprhku,10,#,5,1,71,0,72,-23,63,-65,61,-28,49,-28,49,-5,55,-3,14,-5,0,-17,14,-12,-8,26,1,28,7,191,70,140,136
1364,264,#,udkkmzgsimgq,2,#,5,-19,69,-10,77,-30,60,-106,67,-26,41,-26,41,-4,68,-12,25,-4,0,-54,16,-35,-27,8,11,28,7,219,53,153,162
1365,265,#,fcydxtnwtaon,9,#,5,99,120,21,67,32,108,-75,57,30,83,-7,34,85,106,-13,14,85,0,44,65,-10,-27,11,26,28,7,164,24,94,93
1366,266,#,nvftqenyroyu,7,#,5,151,76,63,9,73,76,-33,-1,84,41,0,-19,135,64,-19,-39,135,0,96,21,15,-66,15,32,28,7,98,48,110,108
1367,267,#,bekjyovmrmfd,7,#,5,73,71,75,75,15,62,-21,65,4,37,29,24,49,64,22,9,49,0,18,16,32,-22,8,19,28,7,200,63,93,103
1368,268,#,uilfcyypnbwm,7,#,5,81,93,75,74,54,102,-21,64,34,55,30,26,71,82,28,15,71,0,55,40,27,-10,-3,6,21,23,149,40,106,114
1369,269,#,ghgphbvmzjrx,2,#,5,79,104,78,115,28,103,20,96,12,89,12,89,64,96,29,55,64,0,24,49,24,12,13,28,28,18,178,36,100,117
1370,270,#,gbkqnzirjyid,1,#,5,87,99,61,110,29,103,-9,92,14,83,14,83,66,98,40,51,66,0,27,47,39,13,8,20,28,16,178,36,104,118
1371,271,#,ajhdojqfykfu,9,#,5,96,48,105,52,30,39,9,42,30,30,30,30,42,39,-5,-2,42,0,34,-14,13,-11,29,4,28,7,104,92,145,147
1372,272,#,nsgytjsjbfdp,11,#,5,-16,41,-23,27,-21,32,-60,18,-31,6,-31,6,-11,27,1,-20,-11,0,-31,-8,4,-45,-19,-9,15,7,266,111,126,128
1373,273,#,fkatobgcyygb,4,#,5,92,41,99,79,54,50,3,69,54,23,63,49,83,33,70,16,83,0,78,-12,71,-21,11,21,28,7,137,95,94,106
1374,274,#,paqnehcojygu,4,#,5,94,77,116,92,52,70,23,68,36,49,66,48,100,70,68,16,100,0,66,13,53,-23,4,32,28,7,155,62,86,94
1375,275,#,szgthkexanxl,9,#,9,9,78,47,85,-30,77,-24,73,-36,57,0,61,-5,69,-6,31,-5,0,-39,23,-7,1,12,0,28,17,240,60,90,96
1376,276,#,hujriolkmhzy,5,#,9,26,79,25,81,-39,78,-65,67,-32,46,-37,104,3,59,-22,12,3,0,-30,31,-31,-4,12,16,34,-5,235,62,108,108
1377,277,#,gtmwrbaniaud,7,#,11,42,76,39,80,8,68,-35,64,-7,44,-7,44,48,58,45,23,48,0,9,25,36,-16,12,22,28,25,198,65,95,100
1378,278,#,uuqdlbtrkmvk,5,#,11,-88,-1,-79,6,-93,5,-154,-1,-132,-28,-132,-28,-69,-16,-87,-44,-69,0,-119,-56,-120,-79,12,21,28,7,325,131,93,107
1379,279,#,mxohelwcpocv,10,#,11,56,64,65,70,3,59,-11,61,-10,43,-10,43,77,67,56,30,77,0,1,9,21,-28,12,-9,28,-17,231,75,94,105
1380,280,#,kftqxfempust,9,#,11,-29,-36,-51,-34,-60,-35,-122,-43,-113,-58,-113,-58,-51,-58,-77,-90,-51,0,-84,-91,-112,-122,13,-48,28,-27,292,182,94,98
1381,281,#,wvcpwlwuxwhq,8,#,7,-16,136,152,136,-40,128,112,112,-16,112,112,96,-32,104,128,80,-32,0,-48,72,120,64,0,16,28,24,296,-16,104,80
1382,282,#,numjsnomjspr,9,#,7,-8,140,184,172,-64,128,160,156,-64,128,144,128,-48,128,176,128,-64,0,-80,96,128,56,4,16,24,16,272,-8,116,124
1383,283,#,yiwwnppitqpf,6,#,7,0,120,0,120,0,92,16,112,-16,96,0,96,0,96,-32,56,-16,0,-12,36,0,24,32,16,40,24,212,48,112,104
1384,284,#,pwokyefpmqwi,3,#,7,14,81,4,94,-82,81,-92,84,-57,61,-57,61,-7,76,-21,35,-29,0,-41,26,-50,37,14,-2,28,7,253,54,83,120
1385,285,#,xjotoxrgwfrj,1,#,7,-13,-17,-20,-3,-72,-22,-91,-16,-103,-48,-103,-48,-15,-26,-26,-74,-15,0,-68,-72,-84,-114,2,-21,28,-19,294,167,90,100
1386,286,#,mnkjkgammeds,9,#,10,-84,12,-26,33,-56,-19,10,6,0,34,-5,17,-9,-3,40,-24,-36,0,-90,-29,8,-48,11,-7,32,18,291,124,98,109
1387,287,#,bnbdxfioqxtt,9,#,10,-95,51,-45,92,-107,39,-67,59,-89,80,-86,80,-71,32,8,28,-79,0,-104,18,-83,4,11,-7,32,28,293,49,113,125
1388,288,#,vcftaofxkvgk,6,#,11,64,72,59,73,-29,53,-47,10,-6,42,-8,41,66,32,5,8,66,0,12,-2,-5,-37,11,23,15,25,195,66,106,123
1389,289,#,ikwmknqjpvkg,8,#,3,47,59,71,66,-16,64,27,-22,20,45,20,45,40,45,16,0,14,0,-7,6,-41,-34,11,23,33,-8,130,73,143,148
1390,290,#,uuxoixtoemiv,8,#,3,-31,86,-1,91,-29,80,-111,7,-73,67,-73,67,-21,76,-52,32,-20,0,-45,24,-69,-40,11,23,16,-2,255,55,130,142
1391,291,#,ufcqfujavyyg,2,#,7,88,148,92,148,56,124,56,128,64,140,32,144,56,128,48,128,48,0,48,96,-40,60,10,20,28,7,148,-8,128,112
1392,292,#,hgitzuyaysvw,2,#,7,192,148,172,176,128,128,96,144,144,136,128,152,152,132,104,132,144,0,144,88,96,80,13,2,28,7,68,-8,128,112
1393,293,#,hfhcjjdyqyzn,8,#,3,7,74,-12,49,27,62,-43,54,-65,58,-18,38,2,65,-48,-10,42,0,-28,19,-43,-43,29,10,29,7,217,83,106,131
1394,294,#,ssvrjquubpim,7,#,2,-4,84,-4,84,30,84,0,84,32,56,32,56,20,80,20,40,20,0,16,16,16,16,18,7,28,7,140,43,136,139
1395,295,#,qgkmjgfbanxl,1,#,5,43,47,104,55,8,35,28,56,66,42,65,42,17,36,37,28,53,0,43,13,60,-2,10,1,52,4,188,95,115,124
1396,300,#,ukwcjqlolezy,8,#,2,16,62,16,62,29,24,29,24,-10,27,29,21,65,50,10,0,40,0,16,-31,-4,-4,28,22,34,30,205,80,113,118
1397,301,#,ijhrnvnbqkmj,1,#,2,6,12,-4,62,-10,-8,-40,32,0,16,0,44,40,0,-20,-10,0,0,6,-44,6,-24,24,-8,26,0,174,138,144,143
1398,302,#,bbgkikxppksy,1,#,2,-24,82,-94,102,-20,52,-50,72,-20,64,-40,110,0,70,-60,40,-20,0,-49,4,-64,6,6,6,28,7,271,47,125,145
1399,303,#,gekgxdsvrliq,1,#,2,36,52,36,88,29,24,32,72,72,40,32,72,120,40,16,28,80,0,70,16,24,16,44,-12,32,-8,149,93,129,131
1400,304,#,lovstgcfspwr,1,#,2,36,112,40,112,34,68,48,92,36,96,60,104,96,96,56,52,56,0,44,56,44,16,20,-6,40,-8,169,33,117,137
1401,305,#,cmpqwemjahur,1,#,3,-64,76,-32,136,-72,48,-40,112,-120,60,-64,120,-32,72,-48,84,-80,0,-84,16,-64,32,8,8,20,12,290,60,118,126
1402,306,#,hvnqlrdovfqe,1,#,3,64,64,24,140,80,48,16,112,72,80,32,112,120,60,32,88,64,0,56,24,16,64,48,0,48,16,87,80,122,129
1403,307,#,acajrnrqxplq,1,#,3,32,72,16,136,-24,48,0,112,16,72,32,104,16,60,16,80,-24,0,0,24,8,56,24,0,44,24,209,64,119,127
1404,308,#,ozjrctjajnpx,7,#,2,16,60,-16,52,32,48,-8,48,48,64,16,64,64,48,-8,-8,48,0,40,8,-24,0,16,0,40,-16,167,76,119,125
1405,309,#,xwjlobdutrwv,8,#,2,0,52,0,80,48,48,0,32,56,48,16,32,48,26,0,0,32,0,16,16,0,-24,8,0,12,0,146,100,119,120
1406,310,#,vbuxfozqoemo,2,#,2,120,140,152,152,72,124,144,136,72,136,144,136,76,128,152,136,48,0,80,92,104,96,16,0,24,8,140,-8,136,112
1407,311,#,vksfcnchqurh,1,#,2,48,144,64,128,48,112,64,112,48,112,80,112,64,112,64,48,32,0,48,64,72,32,16,0,24,8,168,24,112,112
1408,312,#,ojkgkujsenly,11,#,2,160,144,88,140,128,128,64,112,144,128,64,120,136,128,64,120,128,0,128,80,32,56,24,8,40,8,60,-8,136,128
1409,313,#,jdyqtxzmsyng,6,#,2,128,136,128,136,64,112,64,112,96,112,96,112,96,112,96,112,48,0,96,64,80,48,24,8,24,8,144,-16,144,128
1410,314,#,kbdewgsfrkra,1,#,3,-32,104,40,128,-64,96,-8,128,-32,96,32,96,-8,112,32,96,-64,0,-64,48,-24,40,16,16,32,32,256,32,112,112
1411,316,#,cpcycglgelxd,1,#,2,96,116,64,98,64,76,48,82,64,84,64,66,72,92,48,66,48,0,72,44,32,18,8,8,24,0,144,28,144,164
1412,317,#,exedxncqauws,6,#,2,56,124,48,140,0,96,-16,104,32,120,0,120,32,104,0,120,8,0,0,64,-8,48,0,8,8,0,184,8,152,144
1413,320,#,dyupugfxshtd,1,#,2,32,144,-8,140,0,128,-16,128,32,128,-8,128,32,112,16,112,0,0,-8,72,-16,56,8,12,24,24,208,0,112,112
1414,321,#,gixbrtnuabge,9,#,3,88,144,48,148,16,120,-16,124,32,128,0,128,32,128,-16,128,16,0,16,88,-32,80,32,4,40,8,192,-8,116,112
1415,322,#,svglgiwjfyxn,8,#,2,144,144,104,152,176,128,128,144,176,128,128,144,176,120,128,128,136,0,144,72,96,48,8,8,40,4,0,0,128,120
1416,323,#,cispmgxqaedk,3,#,2,196,142,72,88,162,126,48,56,168,128,56,64,176,104,32,40,144,0,144,64,28,-16,24,12,48,-20,20,-8,132,136
1417,324,#,uvfgjekdjlcw,1,#,2,-40,92,-56,104,-16,96,-32,104,0,96,-32,104,-16,72,-32,80,-40,0,-48,40,-64,48,4,8,16,8,212,64,120,104
1418,325,#,xomrbwrvjwfv,1,#,2,-24,108,32,160,-32,96,8,144,-16,96,32,144,-24,92,24,128,-48,0,-56,72,-16,56,0,0,24,-8,256,48,120,112
1419,327,#,vdieczinfgce,9,#,2,-16,120,32,128,0,112,-16,112,-32,104,-32,112,-32,96,32,96,-64,0,-56,64,-16,64,12,4,32,8,256,16,120,112
1420,328,#,pyfdxrfqwldn,5,#,2,120,56,80,128,88,48,64,96,112,48,64,104,96,32,80,80,88,0,80,-8,48,8,12,-8,40,-8,112,88,112,128
1421,329,#,qegrehgswrpg,10,#,2,96,144,96,144,56,144,80,144,80,128,112,128,72,120,112,120,56,0,64,96,64,72,4,12,24,20,128,-8,120,112
1422,330,#,tubwmcjwtlqx,7,#,2,40,128,96,136,48,112,80,120,48,112,80,128,32,104,96,112,16,0,16,72,80,48,20,16,32,-8,184,24,112,112
1423,343,#,kexcbmpnmmwv,7,#,21,120,120,96,120,64,112,80,96,80,112,80,112,96,96,80,80,64,0,64,64,48,32,12,-8,32,4,128,24,144,104
1424,344,#,jozbiyweyksl,4,#,2,0,120,120,120,-32,112,112,96,0,112,128,104,-32,104,112,80,-48,0,-48,64,64,32,8,-16,64,32,256,36,128,128
1425,345,#,ydsbnsiogwij,5,#,2,168,128,120,160,128,104,80,144,128,112,96,152,128,96,96,128,128,0,120,80,80,96,40,4,40,16,72,20,136,120
1426,346,#,urpnkwaneqfb,2,#,2,64,148,128,160,48,128,112,136,48,136,112,136,48,128,112,136,16,0,32,84,80,72,8,12,56,12,160,-8,136,112
1427,347,#,rgfuelwdntub,2,#,2,128,112,40,128,112,96,0,112,112,96,-8,104,112,96,0,96,96,0,112,48,0,48,24,-12,0,-4,88,32,112,112
1428,348,#,ycgllqsxwdgy,2,#,16,40,132,36,108,0,117,4,96,8,124,11,104,0,117,4,96,-24,0,-16,64,-32,32,12,-8,24,-4,211,4,133,142
1429,349,#,gykqxdkfpzih,2,#,2,32,112,64,152,-16,112,16,144,-32,112,24,144,-12,104,20,128,-40,0,-32,80,-16,72,-4,4,16,-4,244,16,120,112
1430,350,#,djszrxlnhbuv,2,#,2,132,132,128,112,96,112,80,80,104,112,96,80,96,112,112,72,72,0,64,80,80,16,32,-4,40,-4,120,12,128,112
1431,351,#,litugbpkilsf,2,#,2,72,128,80,56,48,96,64,32,64,104,72,32,56,92,72,24,40,0,48,64,40,-40,24,-8,40,-12,152,32,128,112
1432,352,#,niuenzxpukjq,2,#,22,96,136,104,168,64,132,80,144,64,136,96,144,80,128,96,136,64,0,44,88,80,56,16,0,48,0,136,-8,136,128
1498,398,#,dyfnguymthbd,2,#,13,-16,-48,-16,-48,-20,-88,-20,-88,16,-48,16,-48,-3,-40,-60,-90,-3,0,-24,-104,-24,-124,10,-40,28,-32,248,175,142,162
1499,399,#,hosmgvuzyjlw,1,#,14,-32,32,-32,32,-22,48,-49,50,-14,38,-14,38,-3,42,-40,1,-40,0,-49,-4,-11,-34,10,-32,28,-16,265,94,125,143
1500,400,#,fggcskrfkpnr,1,#,14,64,104,64,104,32,64,32,64,48,80,48,80,56,72,56,20,-48,0,56,32,56,32,16,-8,24,8,161,79,139,131
1501,401,#,jwrlielrnfpr,1,#,14,56,128,56,128,56,96,56,96,64,112,64,112,96,120,80,68,48,0,56,64,56,64,-4,-8,16,8,157,22,119,134
1502,402,#,nrdgjqcgecmg,1,#,13,128,128,128,168,128,128,144,128,144,112,144,128,168,120,144,72,128,0,128,72,112,96,24,0,72,-8,48,0,148,139
1503,403,#,tuvoqtqrddem,1,#,14,-32,128,-32,128,32,112,32,112,16,96,32,96,48,112,48,72,16,0,16,64,16,64,24,8,40,24,170,8,114,123
1504,334,#,dfrmfmjvschh,3,#,13,100,100,-32,208,64,96,-80,144,80,96,-40,160,80,80,-48,144,48,0,64,56,-48,80,16,-8,24,0,144,40,144,136
